-1.322145454993000138e-02,-5.439421837361351209e-01,-2.828276604541452577e-01,-2.540338627998924848e-01,-2.745268235624708786e-01,-2.629135003592891207e-01,-2.714368795594795936e-01,-1.270195418726337844e-01,3.472842519454892307e-01,3.493976113628114999e-01,4.346881908646499926e-01,5.766407132808416547e-01,4.852942879260462306e-01,5.494213639244244218e-01,6.354293894983606972e-01,7.263292584272375008e-01,8.108106363014782048e-01,8.343942388265811472e-01,8.474748352746579450e-01,9.731162162179097797e-01,1.177609552515959779e+00,1.311659931279328450e+00,2.145696676081620513e+00,2.308771953176259828e+00,1.657189308643320036e+00,1.742997555719743463e+00,1.840836003599843229e+00,1.997417692351916463e+00,2.037528827445043156e+00,1.849748190126477843e+00,1.698471505706073303e+00,1.938550817289010464e+00,1.679950061121445071e+00,1.666165602054717088e+00,1.613127687426576529e+00,1.571240700612039687e+00,1.628868022495320478e+00,1.689809058921309726e+00,6.733197713238605608e-01,6.509422543355494195e-01,6.387824233494814319e-01,7.892172740037056711e-01,8.491688226511405757e-01,8.442561456069146431e-01,2.378973607972401982e+00,2.393652637802929917e+00,2.414538577968163402e+00,2.329393984324537925e+00,2.323328623001658322e+00,2.324403095387102436e+00,2.209138421514575068e+00,5.777546131753271474e+00,6.134260767142136750e+00,5.982338766847883349e+00,4.360149138311300021e+00,4.552523720933339568e+00,4.525255010515360610e+00,4.052844748803012820e+00,4.239044694841420657e+00
6.069794751699056357e-02,-5.398965176669748844e-01,3.140903604210342204e-01,2.860086025420406353e-01,2.337338521368908517e-01,1.763461343288800220e-01,1.199558488684953073e-01,1.379017811064585097e-01,1.896040671535172140e-01,1.883566017093664946e-01,2.814013458631123288e-01,4.394746412206828601e-01,4.820025148680268101e-01,5.044215344404526791e-01,6.037794811405693407e-01,6.218192753593843047e-01,1.218072144846233718e+00,1.193591790621870929e+00,1.228107573308500955e+00,1.349589389790883720e+00,1.549318604509841490e+00,1.665043992946805940e+00,1.963079253968903704e+00,2.214637956764076154e+00,1.565949488125214950e+00,1.664832973929708304e+00,1.734582475657005851e+00,1.838032173854101448e+00,1.876366616183066771e+00,1.881432503212163487e+00,1.771419638112442296e+00,2.032988483949542236e+00,1.841124171048160507e+00,1.806393641679101547e+00,1.753562073521674369e+00,1.760314741968382890e+00,1.826973047049188947e+00,1.833857313154666491e+00,6.615448359178117688e-01,6.504139235501820160e-01,6.924903042335927017e-01,8.128632937921703716e-01,8.715084212776906814e-01,8.734930697778900965e-01,2.373242308663737976e+00,2.393905840381874039e+00,2.406117022903750957e+00,2.368980815295816722e+00,2.069738381320346043e+00,2.084826746085248761e+00,1.992583843139885458e+00,4.282602267059915313e+00,4.239278266538449635e+00,4.173648174975780556e+00,4.187412488421974999e+00,3.881344104932255679e+00,3.861510230983109082e+00,3.550913807514228804e+00,4.328281442504216869e+00
3.629369423292254024e-03,-5.523363774868689235e-01,2.580706079755336613e-01,2.250251296079932295e-01,1.953583635906299132e-01,1.273923573001133347e-01,5.454428131898228505e-02,4.138570619164520792e-02,8.874137791193355274e-02,8.642293440889280143e-02,1.855829523523242763e-01,3.043549906635041324e-01,3.637173715212185798e-01,4.476536358665503812e-01,5.107786851185978083e-01,5.318254016909762516e-01,1.078590158455989600e+00,1.110459110816057526e+00,1.130014323872479576e+00,1.212185445675532325e+00,1.425176987081662405e+00,1.518914843225195099e+00,1.946257718546579918e+00,2.081057443551303621e+00,1.488254723074009300e+00,1.637149739436786877e+00,1.747085635522901192e+00,1.884208913148098352e+00,1.910313832411416612e+00,1.972642209892768062e+00,1.920941205912929162e+00,2.170706779190616054e+00,2.019885314494665796e+00,2.007146098063209205e+00,1.961371604931891666e+00,1.999979003627744278e+00,2.076768743643138126e+00,2.077874205977049193e+00,7.877583209570299116e-01,7.974482441827097645e-01,8.054068137430545615e-01,8.600352879364826508e-01,9.037019644965187393e-01,8.960202789186788586e-01,2.352639730506618232e+00,2.315586850544846254e+00,2.293312462254898598e+00,2.255285443184659844e+00,2.006099350993323593e+00,1.885471999823050249e+00,1.765507059535337264e+00,3.990063368527719145e+00,3.976263752252700012e+00,3.910104193623090918e+00,3.797563490411649312e+00,3.787747863384442137e+00,3.619118599802950254e+00,3.354732248228641467e+00,4.269385643699135535e+00
-3.486629209871864310e-01,-3.401848394320333702e-01,-8.763386020671360202e-03,-1.546377066453974609e-02,-6.234925816956945338e-02,2.122855830942605437e-01,1.380935023261993799e-01,7.476553380041127406e-02,8.692801454418966345e-02,1.870147939783467494e-01,2.693270163510898541e-01,3.963972930542337680e-01,3.476024725116285130e-01,3.672601364795640144e-01,3.814854910104991670e-01,4.603457478696705296e-01,8.829420575572478613e-01,9.755683104730062949e-01,9.944096300580412828e-01,1.221038373750641615e+00,1.274834407274962000e+00,1.373985905069228908e+00,1.794254820588612853e+00,1.060329579858575899e+00,1.246570307446179360e+00,1.410821549537485620e+00,1.841653430071346076e+00,1.877047813934552778e+00,1.951497222182956071e+00,2.182028917650297384e+00,2.184847928673850692e+00,2.231693752760536498e+00,2.153034391128531677e+00,1.954054133944263194e+00,1.914357319532453472e+00,1.980751278591488251e+00,7.921443443103678428e-01,9.082543600104102666e-01,1.026862284263394098e+00,9.595713743994203071e-01,9.748859102591838077e-01,9.228095993254759044e-01,9.980561671141764402e-01,2.167733295276071281e+00,2.306065534448338727e+00,2.205301861859364276e+00,2.240000786378636644e+00,2.261580091178524210e+00,1.968010671155300484e+00,2.035032981701047738e+00,1.992754995646396132e+00,4.371905587749136401e+00,4.959085749445806712e+00,4.953114987481541220e+00,4.530025926510744760e+00,3.841649332261188654e+00,3.715546204256127805e+00,4.733653027707969585e+00,4.682955467458348231e+00
-3.619945880198721100e-01,-3.140526863768735577e-01,3.985191773986789809e-01,3.504860108118107997e-01,2.401897420345571466e-01,2.199656205200872516e-01,1.323386303033800560e-01,1.164154678748231808e-01,1.424545534609844566e-01,1.988602286690622500e-01,3.522747536654849410e-01,4.659090758559754075e-01,4.015231758149461760e-01,4.729821486239250139e-01,4.506890977292375977e-01,4.606318885159466081e-01,9.102358865996126314e-01,8.997791005869354430e-01,8.917384091482923880e-01,1.126100776521617775e+00,1.138795185686245270e+00,1.269622215723435810e+00,1.691991833471819362e+00,2.075824671741329119e+00,2.192432786356818486e+00,2.352786536415991225e+00,1.746780935574935079e+00,1.854616030639014479e+00,1.914290483571754686e+00,6.014942488860182124e-01,6.853583385520793936e-01,8.161661608941499502e-01,8.481376877402316827e-01,8.661123135342155832e-01,8.508917611903951128e-01,8.599585791238761878e-01,9.173612966074328190e-01,1.019570619347478280e+00,1.086451280473208270e+00,1.011708573810608192e+00,1.063525443595372710e+00,1.027109131041240575e+00,1.077364174625506488e+00,2.519511944594019948e+00,2.615254157976648397e+00,2.223374139148019069e+00,2.174589587469066831e+00,2.262393867068161590e+00,4.521083429754916061e+00,4.671588344588283981e+00,3.668657190400361756e+00,3.382676059443666450e+00,5.342396377792603346e+00,5.272402516074183865e+00,5.225738261475746604e+00,5.126868562552723496e+00,5.022926860838221153e+00,4.843082684519360193e+00,4.851390239944861626e+00
-3.559206394655056727e-01,-3.195598630423123754e-01,3.729449584687660746e-01,3.464913252838286994e-01,2.349408977562454648e-01,2.471151524180808245e-01,1.668665266140807457e-01,1.264555611523857093e-01,1.410074772897239592e-01,1.703454483797282315e-01,3.265555266835639125e-01,4.089541184999769263e-01,3.515920253936376527e-01,4.558231455589082937e-01,4.842732342996102779e-01,9.023862934503185107e-01,8.446703745265438101e-01,8.130433057027072197e-01,7.724853895655207081e-01,8.657815282169374349e-01,9.667756771102359314e-01,1.174305319345028353e+00,1.429464659397021276e+00,1.037647808905063140e+00,1.125221863457283478e+00,1.253847666400959460e+00,4.666631763279805445e-01,1.940401916233982949e+00,1.962654102010269686e+00,1.989994170662828354e+00,2.307887125254560079e+00,2.522189267562213733e+00,2.427608687535508292e+00,1.092847107355945813e+00,1.103451345845395393e+00,1.099545872494674947e+00,1.132994561490707541e+00,1.127759781184706211e+00,1.207054851152101094e+00,1.090468193693912458e+00,1.068204755290829366e+00,1.073676352881261398e+00,1.036886131997500904e+00,1.027016893610755321e+00,9.480231014644915355e-01,2.138280938870972925e+00,1.966305585235805342e+00,2.113011947062817253e+00,2.184348642933406026e+00,2.330692577143619104e+00,3.592045697376873292e+00,3.378819470755669574e+00,4.319200483744734420e+00,4.253652895733274875e+00,4.186114117035472759e+00,4.409188218930731651e+00,4.272348150152424751e+00,4.261790848102505080e+00,4.385526357915591866e+00
-4.009396331044788320e-01,-3.578474085863710408e-01,2.914686057281246079e-01,2.890677575676023348e-01,3.009732380604571156e-01,3.253287410844638572e-01,1.698871509424035031e-01,1.587050167059095851e-01,1.688429355178085456e-01,3.188991383595387030e-01,4.120121119438838186e-01,5.278858270722683876e-01,4.522003166502840954e-01,5.924148362197763085e-01,4.790549030109942374e-01,8.885459228700854917e-01,8.125385484943365988e-01,6.174290743255893554e-01,5.390116060516684238e-01,6.488047497545500475e-01,9.178465842220884241e-01,1.134156484742752546e+00,1.384540329578169082e+00,1.001307111648469528e+00,1.082897427978393612e+00,1.212689289378699131e+00,3.777519274388118631e-01,1.771428593017509767e+00,1.836254672333237581e+00,1.936387642852386293e+00,2.158739602716623462e+00,2.361473454807739181e+00,2.467648400986098611e+00,1.161041938475042334e+00,1.187257319078409701e+00,1.204614654400212981e+00,1.174498943334396861e+00,1.194579299318296206e+00,1.326144244423476337e+00,1.207552263005195581e+00,1.168700652618438030e+00,1.232484050410966647e+00,1.194940615219611368e+00,1.185217689239901784e+00,1.022702901190391200e+00,2.258223762815364299e+00,2.167382461660956938e+00,2.269831268960365023e+00,2.256053426476956947e+00,2.337294924947574515e+00,3.611964983836108090e+00,3.489529870803119493e+00,4.552107169435954503e+00,4.533903728394291122e+00,4.501157001898163479e+00,4.975330017478289513e+00,4.845934957223159145e+00,4.659622887500247224e+00,4.360204145279997334e+00
-3.852597710185319824e-01,1.221839954756668567e-01,3.341611063118443137e-01,3.187552461547633609e-01,3.428585347857190935e-01,3.402691319348599142e-01,2.526510536121881478e-01,2.477985037268692625e-01,2.548247199020297060e-01,4.159673838500188570e-01,4.677306672154517564e-01,5.947751247432915278e-01,4.924302786586344793e-01,1.082652040903383517e+00,9.130282844420074539e-01,8.978697042045821197e-01,8.530360024425639454e-01,6.690142525704269039e-01,6.404367151594830831e-01,7.852350834224253173e-01,1.026424261243459313e+00,1.201294525291517257e+00,1.436079811488456759e+00,1.036909937674501014e+00,1.109025058319205614e+00,1.211113904466193603e+00,3.862752630184829172e-01,1.724425220612253451e+00,1.783871979182132472e+00,5.830007419774865252e-01,2.112102809766131628e+00,2.273602320290406986e+00,2.388121648306110956e+00,1.141576628171951047e+00,1.152702938656984033e+00,1.217593149469689884e+00,1.226350142044473124e+00,1.375191592265355478e+00,1.632824014931406165e+00,1.486054552399706408e+00,1.342176859368050534e+00,1.320400081848266627e+00,1.299543260304526937e+00,1.103455723352941398e+00,3.428083839318037729e+00,3.524660450689218738e+00,3.493421218631444169e+00,2.581103592251886347e+00,2.607454181781124536e+00,2.662989145660774604e+00,4.471012119455449962e+00,4.473160182910027594e+00,4.596091778325855692e+00,4.561661451425997882e+00,4.553009430729249907e+00,4.272362856167473133e+00,4.236902737688054366e+00,4.902634082009829086e+00,4.326667937114245355e+00
4.924508691453589881e-02,1.067473786615774772e-01,2.926586682941405004e-01,3.046273887899249022e-01,2.530195599495544956e-01,2.662133585712552764e-01,2.407680538040481155e-01,2.691007839777046495e-01,3.013769578770001401e-01,3.236179403905080076e-01,4.619411957848731376e-01,5.348269624254533561e-01,4.231237912655762545e-01,5.072851820341669482e-01,4.361975213309826072e-01,4.391693966996067511e-01,4.589683852392349439e-01,3.305357416443814866e-01,3.599755070340853735e-01,3.926842606155096504e-01,5.232200314357049464e-01,6.238340593914454280e-01,7.500276186699132985e-01,1.010463947588175593e+00,1.420609899321704228e-01,2.126352283714058877e-01,2.500205009067573703e-01,4.050929637185687882e-01,4.655530663905506628e-01,5.598617461219086433e-01,2.138513943951315444e+00,6.904623534276701502e-01,7.717647559255224055e-01,9.870580847395531432e-01,1.048070545618681182e+00,1.130847498582929544e+00,1.092689536152142038e+00,1.327510423553593055e+00,1.468108470919688768e+00,1.352495114321313086e+00,1.244038880091476118e+00,1.193107413997804622e+00,1.389974359761655620e+00,1.366510626441381326e+00,1.293848973185097506e+00,1.151044347210538943e+00,1.141916823393944513e+00,3.952985277419354126e+00,3.893734657626438000e+00,3.827912147212891636e+00,3.429440095592723114e+00,3.292106287460644154e+00,4.584198000304644083e+00,4.631241517991897538e+00,4.592623920713970520e+00,4.752323471795315335e+00,4.754971515025378181e+00,4.166269364596700164e+00,4.024754311329070688e+00
1.684256975636964568e-02,1.122942780660981799e-01,3.046167279209407996e-01,3.222944005960615699e-01,2.526220079951601583e-01,2.677903257326167963e-01,2.585726024969376424e-01,3.301011234181903120e-01,3.691009277839268909e-01,3.665160600096056820e-01,4.753504753145568196e-01,5.427972964945734224e-01,4.147625724738730479e-01,4.268859284532441345e-01,5.392089669139193964e-01,5.481693815756769617e-01,5.261520340455407840e-01,4.523855435879683973e-01,4.895887485394138094e-01,4.543490302933034797e-01,5.921845416393285433e-01,6.724753241004842730e-01,7.637858084420303673e-01,1.013538052394718392e+00,1.454847845180487487e-01,1.987159123384366344e-01,2.814242426563404176e-01,4.447464140431218182e-01,5.110572164920731408e-01,5.902780054948599808e-01,2.071829246394994772e+00,6.448064742623448309e-01,7.124712905995220780e-01,9.394884275974934029e-01,1.012847757186240205e+00,1.215141053620213407e+00,1.167525317783056904e+00,1.439702470295481262e+00,1.487106185766884359e+00,1.398721343012544027e+00,1.286374503577406569e+00,1.249522122685123193e+00,1.471854947978875838e+00,1.502383340217220420e+00,1.457907894740542609e+00,1.286820695794155922e+00,1.254891695753127534e+00,4.190542797805550279e+00,4.105657447212869293e+00,4.055025601908303301e+00,3.759408045316734448e+00,3.642798137703742167e+00,4.901705000693916681e+00,4.892819349309744936e+00,4.818178178303036852e+00,4.960917639824185876e+00,5.014390794843607502e+00,4.501639207321982639e+00,4.451866980279426400e+00
-7.312178896049062113e-03,8.490247300442228806e-02,2.847375936707594035e-01,3.289506837194389188e-01,2.675535677690982217e-01,2.823718245338240340e-01,2.791719530711191943e-01,3.575363128672233715e-01,3.781788458264203623e-01,3.902008889686838233e-01,5.124485508684359925e-01,5.783479785436466125e-01,4.283280801148940387e-01,3.918768981411088759e-01,5.033697631293808650e-01,5.363447657249534872e-01,5.340491639096006660e-01,4.159837154423468020e-01,4.601014584878545532e-01,4.219573367898742378e-01,5.773660573095907855e-01,6.537826538458123560e-01,-6.315883998344078154e-02,7.151581846637764840e-03,6.454100490952473235e-02,1.135670763656775467e-01,2.158077657344109890e-01,3.760519729487549756e-01,4.427214221890185541e-01,5.123549925366999158e-01,6.347098183825329309e-01,7.631433285342991146e-01,8.140544102004666493e-01,9.134821732785837201e-01,1.005059536854567837e+00,1.221107914800461103e+00,1.208251507053406115e+00,1.419797859459980049e+00,1.494242250192588051e+00,1.420826877690599011e+00,2.964502178300502333e+00,1.350297796925526539e+00,1.607185289645530091e+00,1.590094625485312996e+00,1.495144652256552353e+00,1.356592945679888418e+00,1.335068798269570367e+00,4.284966139307648803e+00,4.192066449045632304e+00,4.127270498271816024e+00,3.819940595774792502e+00,5.205368162008917388e+00,5.149354032032447570e+00,5.127784290726870253e+00,4.999448469852508126e+00,5.146476927414005864e+00,5.162602192085607555e+00,4.597431373519541786e+00,4.476830876639846579e+00
1.037481876732052012e-03,-3.996369789433363434e-02,1.366267891654291966e-01,2.577144545842690593e-01,2.751970668478995741e-01,2.920419389169144342e-01,3.632728097267156064e-01,4.064057027890032869e-01,4.177890955205957879e-01,4.836557083220787701e-01,5.046398157511631233e-01,4.611361347457361148e-01,3.250398574503840510e-01,2.796924806112416340e-01,3.964396009933657261e-01,3.989858803057144687e-01,4.538549033143462474e-01,3.817648749213868875e-01,4.318961248277026210e-01,-1.781435354702089469e-01,-1.181773196575114232e-01,-7.476464431897197893e-02,-1.009304938174761801e-01,-2.389382353078267629e-02,6.702481490178401058e-02,1.391426107550810531e-01,2.181509571719961460e-01,3.942435149746643108e-01,4.763620062667515143e-01,5.407488365720959367e-01,6.077068819633674179e-01,2.459343082787706525e+00,2.519247140577494548e+00,2.659219391899048990e+00,4.192251122084658554e+00,4.570199773799515697e+00,4.646026865824591567e+00,3.396962888364338795e+00,3.346899743378851433e+00,3.261422761886850541e+00,3.158576897295013453e+00,2.863016059022851501e+00,2.846835010145827738e+00,2.739316948497044102e+00,3.126236114261761845e+00,3.001134214808255152e+00,2.997151367585515480e+00,3.011483473058464533e+00,4.234100448415468065e+00,4.029519914115295087e+00,4.084436045730870823e+00,4.050310800149024004e+00,4.053617275403189169e+00,4.001966854297007714e+00,5.110243396378418623e+00,5.137509490543600066e+00,5.182839522677006094e+00,4.934556943075445901e+00,5.693678375820115711e+00
-7.067301590202657025e-02,1.350454310849968052e-02,1.955808558100044781e-01,2.687272473480524781e-01,3.327829118978514744e-01,3.655431582304703442e-01,4.369079569238018546e-01,4.508919962118643210e-01,4.699922546653068078e-01,4.157271480325975266e-01,4.468289391875071570e-01,5.058755815956902380e-01,3.593965855273900112e-01,3.754959525868754588e-01,4.248848236346600138e-01,4.254532584111455629e-01,3.774335580997378869e-01,3.776948302140221148e-01,4.215451916424083345e-01,4.835234446117958607e-01,6.029212882206625990e-01,6.559224455946044419e-01,-7.037487013561463667e-02,-1.274341015507954311e-02,1.162248718016706817e-01,1.525494704885646813e-01,1.496729470119150252e+00,1.674675230051159369e+00,1.805563503419193250e+00,2.117546115124691042e+00,2.401828000182635314e+00,2.483362645181330652e+00,2.581733327367421005e+00,2.752822556529570974e+00,4.425965349219765699e+00,4.723875152371187269e+00,5.098615685747815540e+00,4.857478271377174472e+00,5.083263589985959285e+00,5.067792954536177064e+00,4.690063129577867862e+00,3.180215227617805507e+00,3.105192513649109198e+00,2.979463909581295145e+00,2.998541250920145895e+00,3.045913167335278171e+00,2.919969865614500115e+00,3.179158738646007176e+00,4.648167719307708445e+00,4.640604395755373979e+00,4.505191920810695194e+00,4.056786915866208432e+00,4.096561143611806344e+00,4.049538832551302647e+00,3.799115933814613211e+00,5.128412262100908059e+00,5.113323890959113882e+00,5.386923922704262679e+00,5.002236192561124284e+00
-1.475165374416120279e-01,-8.393427855205524979e-02,-1.250191405992932304e-02,8.397903236610154698e-02,1.256565072094177893e-01,1.633500457058670308e-01,2.171771548028421095e-01,2.248142880866117743e-01,2.675693528724212844e-01,2.663453002510788314e-01,3.139652468651977779e-01,3.531708462334938181e-01,2.957943728615840540e-01,3.235782151721768307e-01,3.229121249768457380e-01,3.167237706273946518e-01,2.723365054228395477e-01,3.315046903789793942e-01,3.644243434296457473e-01,4.676729464346155440e-01,5.514321281198666380e-01,6.205829139926438698e-01,-8.042545613850134167e-02,-3.745326289719078106e-02,8.328628086979189549e-02,1.335852829321683699e-01,1.524072536998643868e+00,1.703113217926931711e+00,1.859659683307714362e+00,2.174430157219190640e+00,2.500402175031946950e+00,2.630076355554746392e+00,2.680228525757499813e+00,2.889628593287498326e+00,4.680421095137148768e+00,4.885500725187500670e+00,5.194088994445546170e+00,4.871015439273715053e+00,5.299274886406397655e+00,5.160753159534534618e+00,4.688881365507190147e+00,3.289084940989927208e+00,3.036224328557169283e+00,2.880998613053079804e+00,3.048217292370845932e+00,3.089081003199633191e+00,2.943471980746670269e+00,3.125242823624817756e+00,4.731433597348122078e+00,4.862961270486628074e+00,4.719417594229471824e+00,4.024023589069408935e+00,4.195871869241770469e+00,4.212592050501252849e+00,3.847554122246722663e+00,5.186085426409102972e+00,5.124291825589279981e+00,5.254105781803740882e+00,5.016371942576331122e+00
2.079412810690966229e-01,2.884179477224956822e-01,-5.411581606282722667e-02,6.287954574047904810e-02,1.015633836534556300e-01,1.715953002227778301e-01,1.738468533559184848e-01,1.884924602049468934e-01,2.247704489639056058e-01,1.815762898294675243e-01,2.525717589193937629e-01,2.381584557472565811e-01,2.527449002091540220e-01,3.088490182166500619e-01,2.998676996671074124e-01,3.138594157068670953e-01,3.250923946241624507e-01,3.924249517418518240e-01,4.262050508475035415e-01,5.149120626991096072e-01,5.848551666759705947e-01,6.434409004658216968e-01,-4.599880968969084771e-02,9.143174265062640679e-03,9.408847991634781971e-02,1.646299519034802317e-01,1.561277586498541092e+00,1.773736032767230020e+00,1.924410559397416565e+00,2.224438262954672396e+00,2.381836481238209569e+00,3.729266447164901077e+00,3.770186897473495335e+00,4.161797530295979541e+00,4.519612459134369153e+00,4.737081235655419498e+00,5.138499598054331763e+00,4.684372072631624917e+00,5.142792559723117662e+00,4.843045334122341394e+00,4.794255810606228962e+00,3.384519123144414721e+00,3.095515424283973527e+00,1.401215488846202506e+00,1.515815593592592547e+00,3.239958703808206941e+00,2.937612598571218925e+00,2.995161900210358663e+00,3.044466067266344833e+00,3.119087961718421287e+00,3.038017504117142220e+00,3.968151485276928181e+00,4.126784932904542735e+00,4.094752357003436316e+00,3.828975296793657002e+00,4.049380669700806124e+00,3.958778070518020886e+00,3.846767756055500698e+00,2.470670359910458025e+00
1.834900224448079153e-01,2.332094035971889467e-01,2.823488139835619304e-01,3.899291386963081862e-01,4.606058843831274396e-01,5.695655383292603791e-01,5.369271946102895932e-01,5.742058549395475664e-01,6.304660676263793562e-01,2.017978798660759465e-01,3.211860215628125625e-01,3.065670229936987567e-01,-3.093668554003000115e-01,3.195097435461400903e-01,3.132992960475701194e-01,2.923964692632087248e-01,-2.865844110233525810e-01,-2.842724412395890021e-01,-2.739493730587873044e-01,-1.822615033321064171e-01,-1.347668613641265778e-01,-1.050313934228472024e-01,8.405230063118279693e-01,1.037206260290302717e+00,1.256255034084423405e+00,1.394167243456329253e+00,1.682782566588863826e+00,1.801833135950355880e+00,1.952486626038580031e+00,2.256033563172918921e+00,3.606339127036394920e+00,3.696692857948689070e+00,3.779543760989537038e+00,4.211856986246622192e+00,4.635687090716221981e+00,5.015064613245741043e+00,5.564006999103105144e+00,5.118597145139408333e+00,5.338494678350256706e+00,5.085713772724369086e+00,3.368449846238491308e+00,3.408021900436577489e+00,3.192091513522264279e+00,1.494999347034428716e+00,1.545800708461593898e+00,3.131210807755375747e+00,2.934138601523556211e+00,2.994785253815898329e+00,4.435786526274095642e+00,4.372757997340257496e+00,2.917504780150472321e+00,2.911362107709783320e+00,4.232882212965765056e+00,4.154196558564947850e+00,4.254208820281948356e+00,2.446068841273476568e+00,2.439203553034245076e+00,2.326181064659848197e+00,2.285619412299361386e+00
1.220527407793788321e-01,1.457101021589576051e-01,1.986459767110863583e-01,2.705189148882901073e-01,3.391102514279492053e-01,4.338590742855498172e-01,5.375721963327297903e-01,6.088701758433060496e-01,6.667325682152733801e-01,2.398687723454097920e-01,3.081379179606872909e-01,3.602970089377101615e-01,-2.834076889035022639e-01,3.170673412806421787e-01,3.544543768839480968e-01,3.385481036493370177e-01,-2.570544491951783361e-01,-2.559746328676776872e-01,-2.491219778248909278e-01,-1.786573826188134484e-01,-1.368706296145653367e-01,-1.048038470144820877e-01,8.241344720310566085e-01,1.044782139892154182e+00,1.255365520281863434e+00,1.354337759142756115e+00,1.670287033882615679e+00,1.765262361617853104e+00,1.890594005866874872e+00,2.207556424608811962e+00,3.585082913014616235e+00,3.713405684407033114e+00,3.921972430548388733e+00,4.293902373337707523e+00,4.744428168855433725e+00,5.116608081013406029e+00,5.594591221276882465e+00,5.229457997279650883e+00,5.440362612945141230e+00,5.224871514050778210e+00,3.395836101651511285e+00,3.259543575218013967e+00,3.200614712362796155e+00,1.450669745599923122e+00,1.481489676371550823e+00,2.992084672450734395e+00,2.902327220943785147e+00,3.035481641105949091e+00,4.381807832948998005e+00,4.392669392924123173e+00,2.911909174228659580e+00,2.890149093104138700e+00,4.150494253913443288e+00,4.045544403003167311e+00,4.003356823258010344e+00,2.580683876107388475e+00,2.527471790184176115e+00,2.352967423448564688e+00,2.246641563842909584e+00
1.698865647433068019e-02,5.007148591353906969e-02,1.723101596280172398e-01,2.605896585942763521e-01,2.433095780238659633e-01,3.158376846223185930e-01,4.702124970956490513e-01,5.633833011227641352e-01,6.362838280343313668e-01,2.319620674299252006e-01,3.050280408629571505e-01,3.374155466190213448e-01,3.105654028846049908e-01,-3.351326809815873831e-01,-3.043616864678374001e-01,-2.931051821628470888e-01,-2.458255583206606643e-01,-2.582945607513300601e-01,-2.534963733010606179e-01,6.839696573726663509e-01,8.176483921089182649e-01,8.758875560081439415e-01,9.501797668631505323e-01,9.225062944382510510e-01,9.929865726904884005e-01,1.076340288696627567e+00,1.426572578194075014e+00,1.531490802392357908e+00,1.649486828392366045e+00,3.290136348664080224e+00,3.613402994864417295e+00,4.198712784584259339e+00,4.416639159137863757e+00,4.852261866035354920e+00,4.915956722451481298e+00,5.109344838925347965e+00,5.589477413179560372e+00,3.794784849229476453e+00,3.656964571023501254e+00,3.571967430335765137e+00,3.453393855867989526e+00,3.423856370242875258e+00,3.235051468251910478e+00,1.500295841995276103e+00,1.501181482436091841e+00,2.958989274970027950e+00,2.874954760342859572e+00,4.309698324944898573e+00,4.251988940040412501e+00,4.228142230938910728e+00,2.803681690164883555e+00,2.702056664430072086e+00,3.819381672468970645e+00,3.784323041046866454e+00,3.948049552554202535e+00,2.419329892444069596e+00,2.366472443694067174e+00,2.260812192891331840e+00,3.857207325181938984e+00
3.532361794275520883e-02,5.180415998322527443e-02,7.848691100464928738e-02,1.643807451227528860e-01,1.445942684270113410e-01,2.502674291454046185e-01,3.554242627676866273e-01,4.396539171026414006e-01,4.773639015507610828e-01,5.607416352523327818e-01,7.306937950491597666e-01,7.694014099714266974e-01,7.607383926297874854e-01,7.348691650286234278e-01,8.320993300830876738e-01,8.552937584623679923e-01,4.232423470784930641e-01,5.921953338311484183e-01,6.228387453612825864e-01,7.442090747586537214e-01,1.440081631407906348e+00,1.505321166014775613e+00,1.595909780953804535e+00,9.999073830151352649e-01,1.081892677379633572e+00,1.191526841929630764e+00,1.380426000710219814e+00,2.691938750787127077e+00,2.787846536551886523e+00,3.168170963396996775e+00,2.414903867168015417e+00,2.664389357312617612e+00,2.999569240672088188e+00,5.486728289043100837e+00,5.505434294572165044e+00,5.796626109850353537e+00,3.588673805228710822e+00,3.713276775642857519e+00,3.747898952379663307e+00,3.601131845830508826e+00,5.100102092344183546e+00,4.999968177126095092e+00,4.873192746408391507e+00,3.302663233921612207e+00,3.186472751531176595e+00,4.557288852272128210e+00,4.485633746209415129e+00,3.211416400397775206e+00,3.200638629867976981e+00,3.278228913300990754e+00,4.414247263170445024e+00,4.242132498985347056e+00,4.136854257430002235e+00,4.190995337382969588e+00,4.123069699545789391e+00,3.759068001283402793e+00,3.682034956720174446e+00,3.790459301662395752e+00,3.701051890974543568e+00
-4.327563311639008592e-02,-2.194632309121146915e-02,1.981540737237772257e-02,8.193564104679117166e-02,9.679744696155485884e-02,2.063585005083299062e-01,3.265869280384005591e-01,4.218938734552472591e-01,4.727451522962163311e-01,5.712171013295722632e-01,7.516793966597784538e-01,8.079378422030215612e-01,8.092628044952631106e-01,7.768050149830367790e-01,8.624638808576876592e-01,9.352510922870759247e-01,1.230318935634005184e+00,1.373861362193843583e+00,1.393039029613376334e+00,1.490625063044130449e+00,1.515865200279385538e+00,1.547789932337562568e+00,1.681113536025934607e+00,1.134521202091801406e+00,2.216452205772685424e+00,2.324137670289647684e+00,2.358596267344995834e+00,2.636680598970707834e+00,2.688017462770861510e+00,3.121760155347833354e+00,3.835645712324974088e+00,4.036164077511150694e+00,4.510113151978656809e+00,5.312040000668730499e+00,1.269310434653374120e+00,1.402141563660501911e+00,1.500168588028635286e+00,3.711253827990463439e+00,3.660339377990133425e+00,3.502926932923905223e+00,3.661944933706145822e+00,3.594112891365880191e+00,3.608226667237043550e+00,4.927169756193434225e+00,6.245099436088580980e+00,5.993897893089637385e+00,5.633999088253151655e+00,4.552166357369694438e+00,4.555327072367152397e+00,4.776838789164500554e+00,4.538799299803022436e+00,4.329002908934893590e+00,3.877261979562843131e+00,3.722402429972194948e+00,3.866923280234935589e+00,3.728558730828598122e+00,3.657095187991930896e+00,3.439369496831564899e+00,3.516156297344619208e+00
-6.024743307124754560e-02,-2.944411331459051429e-02,1.635662499108248014e-02,6.237752070500557355e-02,1.077116261468058084e-01,2.082752877809742331e-01,3.260006529356147542e-01,4.236268267427032996e-01,4.747261557970947621e-01,5.626337475892753126e-01,7.098657635509300068e-01,7.826213916292814599e-01,7.813853708582267910e-01,7.879352235440100216e-01,8.142882550088853533e-01,8.767213063418074492e-01,1.149727125678159156e+00,1.371034651191204601e+00,1.381627758089964297e+00,1.448682307562778160e+00,1.511753499433237113e+00,1.536626992738588937e+00,1.710789303020506358e+00,1.158489974583917004e+00,2.251811128143337726e+00,2.226667456390265087e+00,2.312465967015717716e+00,2.615144266312463550e+00,2.555240131006763615e+00,3.002996470915101135e+00,3.752394763447775450e+00,3.983600172859294908e+00,4.416695263944788508e+00,5.264554089255400804e+00,1.257012937058238133e+00,1.371965274271383706e+00,1.423034438989090322e+00,3.632866600132044876e+00,3.638895546487272981e+00,3.528921082634829176e+00,3.701536781720528246e+00,3.627321754594313941e+00,3.519637102973754761e+00,4.823148494018253629e+00,6.067805300139354152e+00,5.687797064647925005e+00,5.530284399829570319e+00,4.422737843000525970e+00,4.700619502486391710e+00,4.735282838091384505e+00,4.499915431721660752e+00,4.205626446986589606e+00,3.817684163400210107e+00,3.642463278909375379e+00,3.825845572035584397e+00,3.660500583950951015e+00,3.518911455732395943e+00,3.255084523515113126e+00,3.365599957307655377e+00
-1.084972496049934759e-01,-7.751297817235010268e-02,-3.738995794740843093e-02,3.856817461720706691e-02,8.028152037220970261e-02,1.675469987785974668e-01,3.054207409112859595e-01,3.920249873741956659e-01,-3.185942642149316995e-02,4.586524912481020066e-02,6.903675089045047120e-01,7.833435781226795180e-01,8.284013132756019582e-01,8.411989434133549937e-01,8.432347284896895001e-01,1.061478874372721704e+00,1.157003908572572515e+00,1.294880764270691431e+00,1.291461127070419712e+00,1.411124108391489385e+00,1.512958914893084428e+00,1.545908244105715923e+00,1.650905807938858549e+00,1.116670936390092184e+00,2.142713618585089463e+00,2.176142378046498127e+00,2.128944400747802224e+00,2.581594048751248760e+00,2.656370476563742145e+00,3.922764509640651376e+00,3.618707902419277200e+00,6.854303344688950084e-01,8.346396145184827864e-01,1.006578906140440210e+00,9.897623276974424344e-01,1.118984298907137243e+00,1.168682140257645941e+00,3.157254276819790206e+00,3.198763925179430867e+00,3.277087291375916145e+00,3.522569020440899923e+00,3.285657403651444763e+00,3.225882863233044962e+00,3.236877579796067828e+00,4.570646344931714289e+00,4.008096623416485649e+00,4.079687507623114939e+00,4.374976507005158055e+00,4.961359410250361535e+00,4.819060053981995217e+00,4.782835003282810860e+00,4.257766128184067078e+00,4.075394616785121826e+00,3.971070071856635408e+00,4.075401659650935926e+00,3.951039642574110555e+00,3.819761460393888086e+00,4.781876486319227126e+00,4.489180495879813826e+00
-2.076420676656008102e-01,-1.173534098949053778e-01,-7.823097952836295665e-02,-3.576863402878163734e-01,-3.194443356965755432e-01,-2.615099255040621573e-01,-1.828673646869233838e-01,-1.051547833062030368e-01,-5.645033650689401661e-01,-5.167388432300190626e-01,7.676092613791877239e-01,8.559429142024065351e-01,9.159280757378741589e-01,1.091502144470125835e+00,1.129275390863344608e+00,1.103895249804231815e+00,1.207977077043344005e+00,1.337311288237662765e+00,1.362652816976411829e+00,1.399370753647095400e+00,1.570573541024767650e+00,1.585597518109606918e+00,1.715585681883637914e+00,1.896235557413088468e+00,2.031181760513355528e+00,2.098813455633707914e+00,2.114355437669665161e+00,3.565503986519998669e+00,3.662008431222738114e+00,3.041960373715616228e+00,3.492049800989347030e+00,6.554906260270830787e-01,7.798535473890877423e-01,9.893201596373382145e-01,9.684231081024139431e-01,1.045140193296798081e+00,1.058152693844445214e+00,2.998400434109754986e+00,3.244022701554665655e+00,3.400051039312359524e+00,3.427584248050392635e+00,3.336675756325883313e+00,3.121198629483374454e+00,3.144488946857709966e+00,4.823283973830521099e+00,4.422327283209872562e+00,4.489759416729770081e+00,4.540823654232728934e+00,4.826774703647237708e+00,4.665726558057295748e+00,5.038651219379104873e+00,4.578306813493196792e+00,4.680726174580899013e+00,4.432495906463084445e+00,5.569073590430438259e+00,5.658476828643322243e+00,5.498020200715381556e+00,4.876148049817237151e+00,4.417104719319298489e+00
-1.885857702636018207e-01,-9.089006346646395784e-02,-4.464814346090886787e-02,-3.354962508989381420e-01,-2.898471293078074829e-01,-2.313513946775040686e-01,-1.499117850051218115e-01,-9.176791388365555802e-02,-5.414323177336942683e-01,-4.802476646391713455e-01,8.111540091073778935e-01,9.313505969350979186e-01,9.670001535092237477e-01,1.089897734328037826e+00,1.119311831190639817e+00,1.100773806161381430e+00,1.212395889901858093e+00,1.328389594157092013e+00,1.358636523111105721e+00,1.390053733904324851e+00,1.456644959700398978e+00,1.462686627233674042e+00,1.665434521005183743e+00,1.830542386305174629e+00,1.970242357599940597e+00,2.166712832828983526e+00,2.130507901874045373e+00,3.633361213128582623e+00,3.798595272348060714e+00,3.101667520403284417e+00,3.476349753576101875e+00,7.966133060146324274e-01,8.769454476182894087e-01,1.084295229173869002e+00,1.054753168484210857e+00,1.082077394125509295e+00,1.165972191878588138e+00,3.150023505970371396e+00,3.379142541460237847e+00,3.392067971166901508e+00,3.457801766254509523e+00,3.325752806017713947e+00,3.204200576425686009e+00,3.233434132074332279e+00,4.998506811628026902e+00,4.748820831862165193e+00,4.996999851080961896e+00,5.018283686251780118e+00,4.979643064282361031e+00,4.677270227355705856e+00,4.976162367395739139e+00,4.868945587417243814e+00,4.842197228774089979e+00,4.586607261218302867e+00,5.933831437569353717e+00,5.907547592348574739e+00,5.733572421304697464e+00,4.955695432229109798e+00,4.754014055950783302e+00
-1.678009779787616174e-01,-1.249102229626661009e-01,-1.009373470453544946e-01,-3.727777424531409922e-01,-3.493485731029851160e-01,-7.254739155848203280e-01,-6.835898473984831636e-01,-6.318301821495945214e-01,-4.684549843951336945e-02,1.337794898511561643e-02,7.374706131008503807e-01,8.180044102839419962e-01,9.381743752106320722e-01,1.050062039887964760e+00,1.123080750199821676e+00,1.086211911621405068e+00,1.206680430528159986e+00,1.792556274163451757e+00,1.809572380536618841e+00,1.963023119401302141e+00,2.037330886406009345e+00,2.033464949994368443e+00,2.444442917382902536e+00,2.526143377817061886e+00,2.675973166620712274e+00,2.855856868403142457e+00,2.925512994476022754e+00,2.490690961719016272e+00,2.565740357720798670e+00,3.495559781300690561e-01,4.953768336772836900e-01,7.318201206778160994e-01,8.297036483019979425e-01,9.578772812532789782e-01,9.221368349367442541e-01,1.003763940708229940e+00,1.020188951339224603e+00,1.131172734677585723e+00,3.108256555214606642e+00,3.137543363777373973e+00,3.115787078043905201e+00,2.935816464901915168e+00,2.894069139066120400e+00,2.900405351582049818e+00,5.003611841308324593e+00,5.223113918875739614e+00,5.341246806584048379e+00,5.328284792839055761e+00,5.054905307175684648e+00,4.678759768718469658e+00,5.005694240098630843e+00,5.038180258057478156e+00,5.194792856755253929e+00,5.013467086577422904e+00,6.229438618486800472e+00,5.842237322409265410e+00,5.610884669939000702e+00,5.095416800403728352e+00,5.340613730747040933e+00
-4.592931946135035970e-01,-9.165905564942407324e-02,-3.956707880710123026e-01,-3.374374401326367123e-01,-3.170532979818066477e-01,-7.094159914191775496e-01,-6.635371405034274916e-01,-6.084358409549408542e-01,3.711228008500629394e-01,4.772628274449957075e-01,6.438979085615895714e-01,7.415552076943243698e-01,8.892123448984721179e-01,9.853053603353467693e-01,1.056572447161701067e+00,1.104523214610037218e+00,1.182433881693660371e+00,1.870406658551987622e+00,1.923828290580328559e+00,2.192675010690845472e+00,2.224832855643469554e+00,2.216985040321895806e+00,2.347288759397108571e+00,2.434370749006093959e+00,1.028918707331147653e+00,1.151442327565759483e+00,1.201963370364191430e+00,1.377571478540242200e+00,1.506668089939655397e+00,3.649713562051125071e-01,5.001256716565105620e-01,6.364133879601886479e-01,6.958989375973599900e-01,7.864068628416713835e-01,2.406908715877587035e+00,2.447178876067447550e+00,2.506608546660524350e+00,2.738009539906533174e+00,4.299242050155508643e+00,4.293263691999107401e+00,4.471992173040022500e+00,2.959921556221250416e+00,2.934306987160277380e+00,2.954856875135054572e+00,3.039380375244979060e+00,6.215144390945009256e+00,6.408238466456033677e+00,6.549309714106904323e+00,5.337970377562828439e+00,4.961058357980528299e+00,4.855295544252133055e+00,4.904974525441880395e+00,5.183912989563837392e+00,5.071857180273176446e+00,5.049535270694736511e+00,6.839131747052218380e+00,6.484447858012552857e+00,6.118579669410706856e+00,5.432118422671176283e+00
-4.793523217324011654e-01,-1.272729780502447339e-01,-4.266415998986877178e-01,-3.610022695307810725e-01,-3.529284055290086708e-01,-7.198983203687052690e-01,-6.792721718730213576e-01,-6.248990470033806144e-01,3.245775459036570054e-01,4.359884546658457927e-01,5.949861718647581066e-01,6.737968995501856240e-01,7.928213835204193094e-01,1.355882899387024665e+00,1.493664609092649531e+00,1.599275636302090353e+00,1.937622230500187559e+00,2.027090886100257894e+00,2.077599102964436728e+00,2.241293544738360843e+00,2.233894438337070021e+00,2.203517077645100297e+00,1.746471267733303856e+00,1.058599648127719783e+00,1.113321862345569180e+00,1.212305320129494435e+00,1.775632730737061460e-01,2.069056984379342157e-01,2.976180365769647285e-01,3.805879624155452112e-01,5.316702093917813343e-01,2.258086458599023238e+00,2.340425071593614348e+00,2.505117700519328139e+00,2.513158358418982719e+00,2.505469337976762301e+00,8.087638720561770578e-01,8.584523540045418954e-01,2.621984588128695837e+00,2.660381325116347284e+00,2.743870654024662237e+00,2.725224807787130388e+00,2.747364648542144572e+00,2.778173524510899828e+00,2.877602410392450683e+00,3.026237749626162987e+00,3.183340001337757741e+00,3.345824153716049576e+00,3.520992327686499390e+00,3.343854512732029161e+00,3.181639605088675715e+00,5.028689784373086447e+00,3.372749576190405385e+00,3.304177756871891525e+00,3.229475884843281630e+00,4.136856021279456286e+00,3.933797315086213331e+00,3.765734858673947638e+00,4.143022871661544926e+00
-5.128101877273010256e-01,-1.497483505326636100e-01,-4.409992011970114700e-01,-3.914354120359980760e-01,-3.717575525986424601e-01,-7.334378330680906277e-01,-6.897327973191197392e-01,-6.463572461123038293e-01,2.822077290358932511e-01,3.954529038474052238e-01,5.606859831711791253e-01,6.543798322506018117e-01,7.796464327398704430e-01,1.305380818281646205e+00,1.432442950940923776e+00,1.553405976633539298e+00,1.880462507635936475e+00,1.891600402122572966e+00,1.977793653433890908e+00,2.138363556775558116e+00,2.185458453424794723e+00,2.166802400426485420e+00,1.699304869025962894e+00,1.029850801455355347e+00,1.104539446595017127e+00,1.155702342377338265e+00,1.684493406903140589e-01,1.779639576100634224e-01,2.672753995838440533e-01,3.762403936673309190e-01,5.101893893941230607e-01,2.226957334554194645e+00,2.202550899117394323e+00,2.422781203377911474e+00,2.364877782059352729e+00,2.382907257540940460e+00,6.514910350344186307e-01,6.833660644786724303e-01,2.394281480112573579e+00,2.372146760922641651e+00,2.400053561066445962e+00,2.491096858775829759e+00,2.686138083637995777e+00,2.742634965300931871e+00,2.731654524754621782e+00,3.011626551580254940e+00,3.089310995682441607e+00,3.276419530450273232e+00,3.415856946476837575e+00,3.241172434609814079e+00,3.041021387299920331e+00,4.935507417149591625e+00,3.285174009989852539e+00,3.144474812235325434e+00,2.971298927668200474e+00,4.138719773929707024e+00,4.029968407948027576e+00,3.593793879246308443e+00,4.169078502214383697e+00
-4.861535169840783266e-01,-4.497439738759944627e-01,-3.642387242908987632e-01,-3.077394824972089493e-01,-2.698676074318329676e-01,2.019553750373669632e-01,2.899630864640125871e-01,3.357662200275369213e-01,3.688083052092231418e-01,1.004616873666521304e+00,1.151195971132039864e+00,1.264739468781197251e+00,1.304677806449788369e+00,1.425932823656006709e+00,1.475667739878569362e+00,1.593013488620797613e+00,1.938785017418525713e+00,1.919125324756481232e+00,1.973054767609644378e+00,2.145600970295905796e+00,2.161991553082078354e+00,2.156067037664237240e+00,1.673727908805203057e+00,1.075644459419613730e+00,1.134300836926036338e+00,1.193900913357285098e+00,3.323233136866623472e-01,2.753721750903059817e-01,3.824873148342140539e-01,1.688192087941463360e+00,1.953236900591789560e+00,2.145668054579560557e+00,2.218824300774717706e+00,2.447605621156764055e+00,2.402331932525900715e+00,2.296493636042335140e+00,2.106185510791229287e+00,2.083058839106689319e+00,2.161450533708012767e+00,2.073676664621834309e+00,3.370346012189347373e+00,3.694484744544146881e+00,3.964674163362408077e+00,4.015593902378734370e+00,4.042105094451368785e+00,2.966898810072415404e+00,3.051156742475822803e+00,3.067981933361774605e+00,2.897485257168622930e+00,2.873260131278299045e+00,2.829828068469472768e+00,2.797645464817608119e+00,2.720881320540036175e+00,2.604337578692115684e+00,2.447331585592086967e+00,3.506302364310259989e+00,3.454727271711684811e+00,3.319187631118643012e+00,3.988355057752408062e+00
-4.821049974129145155e-01,-4.599616458405767494e-01,-4.559566563410595574e-02,3.321831160594303917e-02,8.472062749957849637e-02,1.722477442679206938e-01,6.870989844834454185e-01,7.300821683498397441e-01,8.454417606881482472e-01,9.447042083904715337e-01,1.038171423979783681e+00,1.107768837450146426e+00,1.305577108472497860e+00,8.836425597949750799e-01,9.043213260354862060e-01,1.037158546243860391e+00,1.213323827286540535e+00,1.247292761405975225e+00,1.292697056562077451e+00,1.590736962286086076e+00,1.610097441078260694e+00,1.632279604614458757e+00,1.768518051801345914e+00,1.095067562931585803e+00,1.167632921009185365e+00,1.211235646221684226e+00,1.261293591103696654e+00,1.288687789738474088e+00,1.421620762944408423e+00,1.654568486121966497e+00,1.965664078697372252e+00,2.103034698163794403e+00,2.163745057562180385e+00,2.257100459186542452e+00,2.234661328712195694e+00,2.089229790584056445e+00,2.023625737437035887e+00,2.029369082558892146e+00,2.048285254835606750e+00,2.004129364424797721e+00,3.370789756187490660e+00,3.593394668798973512e+00,3.746023326311147539e+00,3.609289968376972801e+00,3.706490886947806374e+00,2.643471817301398019e+00,2.700419820970985096e+00,2.708874067807831576e+00,2.656971351915621948e+00,2.554169539206343043e+00,2.634155056452851085e+00,2.496122235247312915e+00,3.975774229594120079e+00,3.837747956618346112e+00,3.919984865748028735e+00,2.135474611734926587e+00,2.157310254520095949e+00,2.155774737328578272e+00,4.935598984552327373e+00
-4.684226004349931194e-01,-4.524072367717416054e-01,-2.850043482227364658e-02,3.536206495399173144e-02,8.043473619162513910e-02,1.787970797552248525e-01,6.816335642576358822e-01,7.094530724900773855e-01,8.364012700863072691e-01,9.171956945310597575e-01,9.939927283877583175e-01,1.089347447946930059e+00,1.286808344001633797e+00,8.799193395521532901e-01,9.014310130828138146e-01,1.020920440426005049e+00,1.184275410905425652e+00,1.236898852799556581e+00,1.264862302539317307e+00,1.543578649021408511e+00,1.597590438404071334e+00,1.634560529722023148e+00,1.737271838039726291e+00,1.095451411343154380e+00,1.168007660540425929e+00,1.228037234601718319e+00,1.257012028684097560e+00,1.310801266044186342e+00,1.386858385446444020e+00,1.628813462141101454e+00,1.841981357574156153e+00,2.000971031366480357e+00,2.089869369718314829e+00,2.100868802308136996e+00,2.089645781515924838e+00,1.972442445026405977e+00,1.957703234167452511e+00,1.974083024749665460e+00,2.040288418829330652e+00,2.093581890077027108e+00,3.425090852764351101e+00,3.603126237541293353e+00,3.667915882713730813e+00,3.536187184889430402e+00,3.575999544864689295e+00,2.512948107715008650e+00,2.488751145910998996e+00,2.533572880510026604e+00,2.465979621314967840e+00,2.373953553429284824e+00,2.447267792271578202e+00,2.407125776691041885e+00,3.854990971562080926e+00,3.746006751298370574e+00,3.664013904380476028e+00,2.076507393469983143e+00,2.105110156357309581e+00,2.019846219353097716e+00,4.822886416425455458e+00
-1.946475088634978508e-03,9.822301828335293014e-03,3.041394591663344055e-02,6.668367067393986269e-02,9.683075940330175546e-02,1.934706040700571450e-01,6.879399148719613777e-01,7.255666526421274964e-01,8.000498181238381301e-01,9.935027223469292679e-01,1.185735118293086421e+00,1.271505236909100223e+00,1.354097908662137639e+00,8.763797405093629589e-01,9.365591847670371450e-01,1.065411275450353079e+00,1.307997655180085594e+00,1.480977649973000521e+00,1.490549058768768642e+00,1.500919396208715284e+00,1.624188022777145912e+00,1.648623221977147724e+00,1.750241521365835995e+00,1.267232443039598255e+00,1.298737659038448511e+00,1.314239680685869160e+00,2.066051619756724023e+00,1.434343014280372142e+00,1.525249198992294497e+00,1.665447985212864523e+00,1.945612225978281540e+00,2.012646676286268477e+00,2.121965880157863804e+00,2.076112511919326220e+00,2.031457561706920156e+00,1.904383132790114175e+00,1.890880242866487038e+00,3.184778399675844085e+00,3.369275355995419385e+00,3.378155125714394469e+00,3.271003044372117419e+00,3.335360873405849969e+00,3.331320636869985030e+00,3.484892153949961102e+00,2.172816178948237642e+00,2.372736947818017139e+00,2.408430470333381201e+00,2.507691903112917675e+00,2.356323913095537570e+00,2.282593487835639312e+00,2.434852046947974191e+00,2.329415959156301064e+00,3.614736317839819080e+00,3.554423006495609272e+00,3.569795495447839251e+00,1.938039048207564452e+00,1.983749795072716759e+00,4.810551017585061651e+00,3.939824350739090875e+00
-3.838295735317205915e-01,7.113586697277618498e-02,3.370421041813919522e-02,4.880117311492965793e-01,5.413401741352724672e-01,6.446330243241500391e-01,3.652264002440743784e-01,4.070621470977626166e-01,4.702530180804965765e-01,4.919854930394123582e-01,5.720687590041284576e-01,6.405018675976245079e-01,7.488232742293535749e-01,8.888213640153976858e-01,9.046463248412307534e-01,9.733000256131706385e-01,1.284145680352180685e+00,1.319075801590497976e+00,1.342230295353191272e+00,1.507220656744627130e+00,1.599661768459359035e+00,1.617554845325137380e+00,1.757827253671054857e+00,1.220194842989150930e+00,1.247874101858940099e+00,1.287665506415943240e+00,1.333406387694442641e+00,2.427008445928755087e+00,2.577348126982121013e+00,2.801702306547796173e+00,2.972002335344224200e+00,3.015384812970279160e+00,3.118474011575061322e+00,2.119900767339920389e+00,2.011552508879666856e+00,1.955704488206161384e+00,2.020376395679939652e+00,3.340617606840056819e+00,3.364304224437469681e+00,3.421072160675315832e+00,4.488377292259204232e+00,4.462238545863452366e+00,4.380401393171869273e+00,4.420407518318593354e+00,2.103025659158674454e+00,2.246137296968060859e+00,2.263634860279740479e+00,7.037202082960336558e-01,6.724647753258775618e-01,6.429840252222123187e-01,3.743244235848160351e+00,3.704961889331950253e+00,2.341599360159123844e+00,2.253972254553748389e+00,2.265788989248068042e+00,2.214594946780332307e+00,2.193558584458643601e+00,4.297737914261021253e+00,3.740401654414688526e+00
-3.732053719395378444e-01,3.448523206116865802e-02,5.785339804585560436e-02,5.429943229051418241e-01,5.480531870464678823e-01,6.224844773168737300e-01,3.727762197263064237e-01,4.325622334164532790e-01,4.910612398996878625e-01,5.676237988113091992e-01,6.490778475305436501e-01,7.143552255165658282e-01,6.876013539630517757e-01,8.941442609614419501e-01,8.957629285427243238e-01,1.073687185213343165e+00,1.267926540226975707e+00,1.419727425939310006e+00,1.428998921187734972e+00,1.586740882103256478e+00,1.708314101094642545e+00,1.732591075253721691e+00,1.856527876960765155e+00,1.032403877319291619e+00,2.088074186715664915e+00,2.148580403577216913e+00,2.282752228394742566e+00,2.573440699156345879e+00,2.758834472532971205e+00,2.813663595875029344e+00,2.978438496253453138e+00,1.923966659745932395e+00,1.968098830085232009e+00,2.122488204429897607e+00,3.402994553936534050e+00,3.375320189138495852e+00,3.126287844085871903e+00,5.256019231507957024e+00,5.357078912881623189e+00,5.285119042172455650e+00,4.173353775109212904e+00,3.006706430624890736e+00,3.036106049065897317e+00,3.152554519948338907e+00,4.344162518436610831e+00,4.462770938016851652e+00,4.540007565196774841e+00,2.354800694874848777e+00,2.285567278977357564e+00,2.209801501773350552e+00,3.564981308140635630e+00,3.406978738215982627e+00,3.138297490626871245e+00,3.055074552770650431e+00,3.012067343875627579e+00,2.942901096891513912e+00,2.928424675527589116e+00,3.748680966071761489e+00,3.497331758798031043e+00
-3.818885488213454860e-01,2.254204182991366087e-02,5.057446810421153960e-02,5.344220142618887337e-01,5.786865509456639023e-01,6.603161134941877286e-01,3.964224570007643944e-01,4.590158572634278622e-01,4.962855345921646233e-01,5.834086383382619534e-01,7.005131235324343342e-01,7.610125539061640687e-01,7.355863462149045962e-01,9.064585802738212017e-01,8.978720588195454599e-01,1.080611082661471656e+00,1.248214406269544829e+00,1.402259478057399367e+00,1.419889343600204690e+00,1.577600356689392358e+00,1.721471899243674830e+00,1.701022902967416206e+00,1.782200690405373100e+00,9.924990225381823405e-01,1.966065782982151955e+00,2.088211177373455296e+00,2.179872418480592433e+00,2.457094174700136691e+00,2.572293151574201353e+00,2.633968451810741129e+00,2.847343452683495979e+00,1.818295283466740742e+00,1.852984771000492525e+00,1.964279037780372050e+00,3.192306940319830755e+00,3.265339812856696611e+00,3.036741692986403063e+00,5.049164636103021131e+00,4.982394183651061681e+00,5.027965025171572400e+00,4.006842883665122201e+00,2.767276290090135316e+00,2.867722438902249760e+00,2.958996510116836287e+00,4.245414777524059602e+00,4.204474535338771801e+00,4.361814969477604720e+00,2.199689296137597339e+00,2.146518443720285774e+00,2.109364381601571026e+00,3.457915559951386886e+00,3.127387202883586514e+00,3.115061169820322107e+00,3.000764197736991434e+00,3.087958126499875888e+00,3.033391985217499975e+00,3.024501864369284476e+00,3.842329327095821867e+00,3.443468573072876016e+00
-3.053364585227941186e-01,-3.367352462848000605e-01,-3.301618539251714446e-01,2.464750796781145503e-01,2.807838701137036486e-01,2.738616567085288556e-01,4.138809261208530876e-01,4.598266210079189342e-01,4.366070693555625382e-01,5.264018701219421725e-01,6.184996632953538853e-01,6.871416181731699879e-01,7.459178657478586771e-01,9.138471154995496670e-01,9.070700943405072270e-01,1.091227370065095403e+00,1.216965628941149236e+00,1.456218659537282800e+00,1.482591509070261715e+00,1.545510896162172187e+00,1.694044755077979358e+00,1.689898924877686115e+00,8.771909302267858477e-01,9.334622635781151256e-01,1.902214922521947127e+00,1.998132953419091473e+00,2.088631303394606231e+00,3.121733195215948165e+00,3.154547606414155325e+00,3.265350842338664350e+00,3.418943746571083242e+00,3.653700677012219789e+00,3.882248546716501547e+00,3.901897654773433199e+00,4.319527331210362142e+00,4.223944189766890567e+00,4.035212174486014547e+00,5.007115118052334779e+00,4.643586090533746713e+00,4.735626092760139905e+00,4.694346566663732290e+00,2.705526174936299988e+00,2.760402947392968098e+00,2.769687077635286876e+00,3.267125119775617037e+00,3.277704199677134778e+00,3.468812300290951445e+00,3.266218603488399985e+00,3.132468612855087375e+00,2.947591201116660731e+00,3.069317068361952394e+00,2.841316076373442190e+00,2.985851511894177968e+00,2.872464414919381870e+00,2.937211784617471455e+00,2.950245652063147261e+00,2.932377465374386372e+00,3.812865899965947047e+00,3.644162496228206205e+00
-3.454064353240577923e-01,-3.603797951439204339e-01,-3.615582606425877810e-01,1.486851947767852955e-01,1.680347632349757647e-01,2.138516916331404394e-01,3.012130436126891353e-01,3.262987957185302101e-01,4.707279404403744150e-01,5.176785379288484368e-01,5.962689933725423552e-01,6.679743569241460843e-01,8.294696043827990417e-01,8.962245106447790377e-01,8.937572237494416649e-01,1.136898052256321234e+00,1.204809545522724790e+00,1.322463142570649230e+00,1.330003985510653797e+00,1.518447056348183333e+00,1.642800282333884088e+00,1.634436865613385637e+00,1.600734031757844011e+00,1.662762964509898911e+00,2.563324898449590883e+00,2.635303382712935960e+00,2.743359472962439760e+00,2.945290425551513547e+00,3.083727211995357376e+00,3.271573283754652284e+00,3.364117434150357688e+00,3.533959206399018615e+00,3.756910900073875847e+00,3.723016097625162057e+00,4.084585216412385478e+00,4.011833899407914572e+00,3.781249746214175644e+00,4.722685172652092866e+00,4.523908106635776250e+00,4.518425961086495413e+00,4.407834776181412728e+00,2.667515957660421488e+00,2.774105335615737911e+00,4.828651187049780802e+00,2.971270339160516194e+00,4.100551353849209768e+00,4.385497315436180266e+00,4.505527265717787166e+00,4.498743340196193152e+00,4.126767767520461483e+00,4.257697897278449162e+00,4.250554295763444124e+00,4.233660066073833050e+00,4.206589390166396214e+00,2.991800576417288582e+00,3.098270599658621283e+00,3.096593467696838964e+00,2.860888439153674412e+00,4.234201098262262875e+00
-3.268512130409836902e-01,-3.297480993219477630e-01,-3.366051514136076395e-01,1.954694714943393807e-01,2.126116323002341657e-01,2.562493877752123894e-01,3.364683624115471505e-01,3.763527205093092909e-01,5.104648221047151102e-01,5.471896454317144443e-01,6.064317052116520168e-01,7.048901076907241325e-01,8.457044637207729032e-01,8.966173773450207829e-01,8.721175846583202329e-01,1.118699278492630622e+00,1.203395634389330393e+00,1.297561698068629088e+00,1.320822609623903299e+00,1.456565652656187426e+00,1.594043426700033850e+00,1.612783255673632343e+00,1.612997672347898925e+00,1.671979176120634847e+00,2.529054971930935647e+00,2.595819526568479141e+00,2.581564801234406570e+00,2.787511356293181031e+00,3.008077480182534735e+00,3.015577158028758920e+00,3.138371515146839208e+00,3.340431955343693637e+00,3.686385897055459715e+00,3.635337019599599540e+00,4.094092360059320868e+00,3.984873986504875454e+00,3.619904507045368813e+00,4.490755015635813585e+00,4.308224219554691814e+00,4.510003412676659273e+00,4.427416088769842162e+00,2.571762067039994548e+00,2.723641154209681225e+00,4.727697243575688546e+00,2.886308391159408071e+00,4.102019854171938817e+00,4.290693281161138906e+00,4.421637610800281948e+00,4.460715247974198938e+00,4.195956552670304873e+00,4.427770945838022776e+00,4.444744526053667322e+00,4.475221525743454443e+00,4.394380171018787529e+00,3.238481965494675929e+00,3.407621017715292133e+00,3.315898770363397308e+00,2.926503620500689795e+00,4.460683429974279690e+00
2.018048560362385446e-01,1.797617465095742995e-01,2.965984620948008965e-01,3.075174349452488576e-01,3.532769956561022107e-01,3.619686635614954850e-01,4.586612218585646716e-01,4.855709800447117197e-01,6.527127639912075896e-01,6.763817399536934394e-01,6.703732072399281039e-01,7.536752999174670675e-01,8.606165320785806871e-01,9.050915849360939847e-01,8.657423971006121821e-01,1.175389270500020844e+00,1.230762344147753984e+00,1.246008625853007867e+00,1.260350548715986507e+00,6.474987150516363643e-01,7.390122002276012791e-01,7.597144697355193710e-01,2.213101640939655557e+00,2.228449298998349537e+00,2.393070649857997001e+00,2.413512580204636215e+00,3.095096761149930042e+00,3.286373566508915101e+00,3.509870484556454784e+00,1.961404489485806923e+00,2.144788573121215514e+00,2.227393494915548278e+00,2.345268434729262719e+00,2.335444070249872439e+00,3.516894352092015730e+00,3.535517716178122605e+00,4.005853604993225403e+00,4.401407731298722759e+00,4.101415545192163670e+00,4.189249497214270868e+00,4.256218926491965426e+00,3.399345699105226881e+00,3.800665545013142133e+00,3.901467067944092371e+00,2.838524357663666731e+00,4.002422630210114463e+00,4.053998597390546799e+00,4.136035314537139129e+00,4.711604751288849258e+00,4.547596802829495743e+00,4.537143402431033756e+00,4.626841256200342478e+00,4.679261043326989444e+00,4.635276072504344036e+00,3.454928441554379948e+00,3.494799653840622078e+00,3.378996550654441933e+00,3.032327427076811688e+00,2.121095079553846130e+00
2.278091361417146632e-01,3.625720239403645295e-01,3.827528098813868240e-01,3.842697688195490513e-01,4.596661654753956272e-01,5.162297528888403209e-01,5.970694645346116269e-01,6.463859093018494706e-01,5.773174936640144139e-01,5.780902921055569577e-01,7.039556483728559577e-01,7.617233070151123719e-01,9.411109783216691227e-01,1.044812944738922500e+00,1.000406679104028473e+00,5.058689128363204057e-01,5.046603759687546820e-01,6.021228785221237612e-01,6.251983945867619630e-01,1.312211967706527815e+00,1.393046034976889835e+00,1.420807016479872953e+00,1.576815859362731054e+00,1.603942248557991057e+00,1.674699852658790400e+00,1.671767640020919599e+00,2.451598823113181336e+00,2.694730613249473272e+00,2.729212774338670044e+00,1.999681931260316459e+00,2.069877636092038564e+00,3.084193499373908853e+00,3.302872380282579012e+00,3.414539424018566471e+00,3.494852107564813348e+00,3.474066150607676651e+00,3.296800793197672608e+00,3.348002844420372437e+00,4.203324281328776557e+00,4.275268257795328708e+00,4.303214292277636410e+00,2.397748218760272110e+00,2.530853007018432521e+00,2.466927463269855458e+00,2.609960886406713865e+00,3.851215312238455812e+00,4.074289670922288664e+00,4.234347576108697275e+00,5.031209768915843483e+00,5.096988137032905541e+00,5.285692427882339395e+00,5.096413853660395787e+00,4.987492947919099251e+00,4.943058454519647427e+00,4.534727246381443422e+00,2.270184141317542537e+00,2.228802091827766674e+00,2.297891777419927894e+00,2.233984949121491592e+00
2.270329486670294161e-01,3.532114942070561092e-01,3.738847873393461030e-01,3.728864757513618011e-01,4.565500561230281251e-01,5.202111705576938361e-01,5.311832651376513503e-01,5.389304906862396605e-01,5.550944867759741719e-01,-6.372180464297324542e-01,-5.861027464198239612e-01,-5.407442093599272859e-01,-3.366863580978956549e-01,-3.096412001417963022e-01,-3.469338770987036025e-01,5.156748575840555127e-01,1.400588026059146785e+00,1.321512774558833980e+00,1.334710912020075524e+00,1.905812485331004114e+00,1.935354877683450825e+00,2.003944399798208043e+00,1.519678335090302257e+00,1.514251475857185003e+00,1.583718625851558981e+00,1.576178108768691466e+00,2.450372401917906728e+00,2.557124007927376041e+00,2.729900480106384641e+00,2.840831267502822666e+00,2.947084292278236539e+00,3.244416203539776333e+00,3.405869270545334615e+00,3.542288987073362261e+00,3.534210707331664647e+00,3.588470053180280672e+00,3.177307537357094702e+00,3.164237815608796467e+00,3.300224951038020826e+00,3.377544211987417722e+00,1.446886518849594960e+00,1.496130831382491033e+00,1.546727665203349256e+00,3.738190747002786196e+00,3.661664473913419648e+00,3.741858926820921916e+00,4.085607763347470112e+00,4.264763401648619556e+00,3.887010304229999935e+00,4.020027135852477507e+00,4.220846964611759233e+00,4.439586522998737905e+00,5.694498532288116976e+00,5.631647540484264525e+00,5.586412057142292831e+00,2.339387895829856401e+00,2.294925934502024756e+00,2.288045675828030312e+00,2.204675993518742771e+00
2.014334129833386944e-01,3.363031579706912133e-01,3.560839760352276229e-01,3.475892462797623428e-01,4.407088088720981789e-01,4.839214974270922287e-01,4.839950334606623050e-01,5.251687980472276029e-01,5.376753035782761980e-01,-6.461784407891377757e-01,-6.009126566602198682e-01,-5.642441774846913560e-01,-3.626568974085805364e-01,-3.441385465990393633e-01,-3.739430380832322598e-01,4.781910745621923420e-01,1.285771384168606035e+00,1.240987351837783415e+00,1.258397649565823340e+00,1.869515450902808684e+00,1.880531216683763551e+00,1.960624777921895712e+00,1.524438389752473588e+00,1.529454372581495525e+00,1.577027724511069096e+00,1.594222231310590265e+00,2.456769050667502619e+00,2.592996461333977098e+00,2.771356518478000464e+00,2.838099504605731127e+00,2.971944245676920726e+00,3.205999663102553576e+00,3.230011067713188133e+00,3.312349044068083170e+00,3.292514422009523045e+00,3.454943239108537067e+00,3.169861583400796157e+00,3.180854786764331532e+00,3.287024226232723390e+00,3.276417495505628441e+00,1.388921876936267008e+00,1.460412730265869596e+00,1.472632052334208019e+00,3.671772846351485153e+00,3.663220616687566267e+00,3.820203116806984323e+00,4.200789954403078674e+00,4.387077734741878565e+00,3.951158074969632672e+00,4.317382392492178589e+00,4.368486524754069400e+00,4.698084639844650745e+00,5.911056949190942156e+00,5.724719421446781809e+00,5.787219712320680109e+00,2.436985009524183621e+00,2.407611256767723251e+00,2.368788298128707837e+00,2.293434604165649038e+00
8.549405194585156798e-01,9.388872946359914096e-01,8.182818634208420816e-01,8.688217932797689391e-01,9.961112311245606810e-01,-4.610747451363193805e-02,-8.252090218045381176e-02,-5.015590020969910162e-02,-3.664647959478079670e-02,-6.260328250537259276e-01,-6.206334608756362003e-01,-5.854595235082391547e-01,-3.992138716827133282e-01,3.595748542002853987e-01,3.320313742883275188e-01,4.573968841573572419e-01,1.220825876988478775e+00,1.213214944737378564e+00,1.255708111110096725e+00,1.900756892626167316e+00,1.407908424120848601e+00,1.500683685690478386e+00,1.554998280898707508e+00,1.586072286021398492e+00,2.509313423761200923e+00,2.483463581266712072e+00,2.657481895094930824e+00,2.856304801725897846e+00,2.912118468541036620e+00,3.652691786080560554e+00,3.541311407046860538e+00,3.668000313984898675e+00,3.756920581393000891e+00,3.338397406004932400e+00,3.363765826867724851e+00,3.336921343492258440e+00,4.191700220473094873e+00,4.251550466081738477e+00,3.259846299450308571e+00,3.303653995490021700e+00,1.408665890611901395e+00,1.544938177094838050e+00,1.503056582089641324e+00,3.792421527906887135e+00,3.983066174217596789e+00,4.259244592058262668e+00,4.530003022693632531e+00,3.524391277680309464e+00,3.896359106647159898e+00,4.187734660716479596e+00,5.649972845661540788e+00,5.957997940683255500e+00,5.955670515383101993e+00,5.843501677529184590e+00,5.678824051218977154e+00,4.045803933585222723e+00,3.987008559357775983e+00,3.951020783446740126e+00,2.351967905954977844e+00
3.178869063369750281e-01,3.829122792835842337e-01,3.180405976555904513e-01,-1.396234712194134864e-01,-1.188739421184022427e-01,-9.376915462333182405e-02,-4.689822182872132456e-02,-1.653536095128045266e-02,1.838192853312626412e-02,-6.328162461960705754e-01,-6.077541892312264826e-01,-5.849673898830156649e-01,2.414373909507118721e-01,2.869081771360714184e-01,2.549262874277131719e-01,3.251460204874898618e-01,3.645367841861668068e-01,4.149493945623087265e-01,4.675217351516128272e-01,1.263617988423495042e+00,1.458132040466771251e+00,1.534489151835704668e+00,1.592888366788065779e+00,2.665119833182795883e+00,2.707247595779783023e+00,2.721749059470447207e+00,2.899667032502678321e+00,3.792226995749711005e+00,3.869384478467859267e+00,3.743351138302034364e+00,3.527166367292487781e+00,3.568289007661014534e+00,3.386041015326600512e+00,3.101440152936729255e+00,3.117968589736235696e+00,3.119095577629915184e+00,3.917733750709377905e+00,3.194199795078615178e+00,3.243977671640953186e+00,3.272896543635018141e+00,1.552618952462063051e+00,2.599055134212770124e+00,2.509198609728078289e+00,2.396496872514788823e+00,2.602867165254225679e+00,3.043844558728685090e+00,3.398951653248632798e+00,3.588405052107101589e+00,3.657766973924647669e+00,4.137470220672818222e+00,5.429012648826684106e+00,5.709222792056582563e+00,6.057755271131344266e+00,5.862567831473222135e+00,5.672714539557866864e+00,3.907370564851267325e+00,3.824709123397997956e+00,2.436439230183446991e+00,2.143949686830004975e+00
2.339117796454333598e-01,3.081330412633098148e-01,2.558993825621588836e-01,-1.891466055445576999e-01,-1.660619927673042673e-01,-1.514839159558569737e-01,-9.779541196654788215e-02,-6.731463570239727690e-02,-4.122395937854658743e-02,-6.615291529417337557e-01,-6.454445727374238384e-01,-6.201733743041214497e-01,1.625766813604662409e-01,2.072581848207865340e-01,1.658045702623153206e-01,2.350091478442172810e-01,3.025112049751316756e-01,3.766770510362383861e-01,4.385951158054572918e-01,1.210927489378808009e+00,1.435516388122923370e+00,1.534924160833734286e+00,1.630165499821703001e+00,2.716377612329615943e+00,2.761723430395971235e+00,2.791716475996095959e+00,2.998979917460416367e+00,3.909921489766228664e+00,3.916739904252671156e+00,3.864258114123649168e+00,3.573114999819789528e+00,3.526420026988388301e+00,3.396535977088103841e+00,3.068016724648118476e+00,3.109644385629560581e+00,3.144457540302659559e+00,4.050219765271941164e+00,3.268604472555399099e+00,3.317202375097543676e+00,3.444809081328288336e+00,1.591075174435249817e+00,2.665530962414891292e+00,2.616971642070123671e+00,2.536671271487752843e+00,2.709304355693316513e+00,3.055796720868783289e+00,3.509045703691107132e+00,3.583812265874677827e+00,3.811799815338880570e+00,4.053410968045124463e+00,5.451230855853101076e+00,5.809804357309768186e+00,5.944544348906584119e+00,5.759359745586253965e+00,5.546227229372150624e+00,3.817588248516151861e+00,3.776030108560103127e+00,2.407386951343941206e+00,2.093763320482266099e+00
4.648682921093996168e-01,5.248712057140646481e-01,6.464958349511722435e-01,8.532654346860703010e-01,8.852876518196158839e-01,8.821698394930079790e-01,-1.276044433469643580e-01,-1.080882029644964493e-01,-6.462532555463285089e-02,7.800216764006919585e-04,3.287444080662440399e-02,5.429051478935820185e-02,9.577652495007427103e-02,6.166840774548752735e-02,4.867602196688921440e-02,1.077719297040580088e-01,1.543104694019714340e-01,7.867079245135020216e-01,8.933521454755709579e-01,1.103457638240297634e+00,1.999581449689707302e+00,2.137295762111657726e+00,2.157549787786121609e+00,2.569452372711071853e+00,2.593978552334552656e+00,2.633406994016580960e+00,3.518993012880872850e+00,3.692942655829879683e+00,3.719995906901790050e+00,3.797865476620675640e+00,3.613713727153971433e+00,3.541038631747436050e+00,3.531439684561624492e+00,3.597880576204227410e+00,4.539302827901372517e+00,4.802179050586173226e+00,5.099604721916206174e+00,4.337005239070879092e+00,4.218839718060682920e+00,4.234002009167289415e+00,2.663554832718824095e+00,2.775752762834661880e+00,2.773111203250541390e+00,2.663965315159700697e+00,2.718574375200507820e+00,3.029880617350714456e+00,3.314904551824159107e+00,3.482869822839492091e+00,3.778695323646565019e+00,4.127962803482500220e+00,5.535364264829687464e+00,5.783764397984299421e+00,5.840039177562371009e+00,5.683768224081170217e+00,3.988712390855804646e+00,3.795133214256685150e+00,3.736901583070326271e+00,2.172887474532810614e+00,2.041756477021783311e+00
4.580032059478010287e-01,5.430138860214329677e-01,6.180453906056447844e-01,6.692722746778738685e-01,7.414125838456268047e-01,7.797363484966606251e-01,2.717202325571263510e-01,3.010987252416340021e-01,-1.169742892057347022e-01,-1.331010610134047423e-01,-1.284526235281858442e-01,-1.148996836405517807e-01,-1.021249355278184140e-01,4.965705048766211327e-01,4.747390645999574610e-01,5.524188474973543705e-01,2.201514032781839644e-03,6.762006509887756867e-01,7.856649431279715268e-01,9.815124918590008019e-01,1.302482195421776456e+00,1.416856348088285866e+00,1.610598416793387111e+00,3.187432107292680783e+00,2.544540447525458493e+00,2.585632611558894123e+00,2.655145435174826041e+00,3.576325289243986738e+00,3.576085912319162841e+00,3.621548230859088946e+00,3.677483153378697356e+00,3.679293753076294582e+00,3.586151201812354028e+00,3.960752043323502392e+00,3.853269393121919517e+00,4.081368307937847106e+00,4.107663419951801842e+00,4.949352619560868582e+00,4.904125742305305735e+00,4.849190091396732960e+00,5.025787540342535387e+00,3.733759423333476324e+00,3.773990493446625738e+00,3.594156639031829581e+00,3.845422447533057841e+00,4.171039539614388225e+00,4.419516336015464120e+00,4.813045155262906327e+00,5.106389548692160218e+00,5.448809258444723191e+00,6.774086901092026380e+00,5.790551628400998574e+00,5.400704194758147558e+00,5.240276232190109518e+00,3.794186266651404793e+00,3.650605889411373539e+00,3.608775374892320364e+00,2.185177094832990718e+00,2.082937573237243711e+00
3.765528200219391830e-01,4.647739629356720248e-01,5.872003425585674563e-01,6.609821776248824277e-01,6.570836049230355247e-01,6.911676175295851099e-01,6.701820673379624838e-01,6.476892140824480615e-01,1.977307419672065525e-01,2.073011035803405400e-01,2.824118433607675227e-01,2.836829685363475018e-01,2.898116457405010560e-01,3.565650993500305566e-01,3.324989764055522046e-01,9.241855710833764004e-01,1.039195386246573927e+00,5.905624132435857154e-01,7.045219592118393548e-01,8.595204254270508715e-01,1.116410061644123486e+00,1.257834561518230254e+00,2.128448150517178838e+00,2.316299197939383880e+00,3.027934198162842261e+00,3.119336975301743475e+00,3.318441730592329719e+00,3.311606005887869131e+00,3.231118774504492919e+00,3.305050544268800738e+00,4.493579437525960785e+00,3.834315296139989560e+00,3.699781251399123061e+00,3.737759281760167696e+00,3.680619837867667776e+00,3.902855445955737412e+00,4.208619493772333797e+00,4.961600350428458484e+00,5.109852091945774610e+00,5.070604347994483341e+00,4.544956817773726954e+00,4.585412290448284800e+00,4.605460264274786830e+00,5.153501496758330802e+00,5.432591521630478759e+00,5.854432263080123100e+00,5.963192611652965880e+00,6.620271801977262172e+00,6.962941243017047199e+00,7.325112782796685984e+00,5.956728156558398268e+00,6.931934718746390445e+00,6.717803598624557004e+00,6.572468503076181356e+00,5.089480791980593111e+00,4.754300637850115585e+00,4.674611141243844692e+00,3.729869220600972479e+00,3.534384762610703223e+00
