-4.122934532694606524e-01,-4.705729849239848051e-01,-3.922627475318867241e-01,-2.326761757681721221e-01,-1.665608624707589636e-01,-1.686575531772995518e-01,-2.598501049850659994e-01,-1.769755905334570167e-01,-3.865381300845693868e-01,-5.375251912642231567e-01,-7.102376184232936929e-01,-5.995923490698054081e-01,-6.665236200644666376e-01,-4.475694824837900265e-01,-5.501523132250411008e-01,-4.823731009519925395e-01,-4.998003487579701365e-01,-3.987863549382549833e-01,-3.274137844195717517e-01,-3.107544552226601531e-01,-1.108644402177323546e-01,-1.825966230055319217e-01,-2.059824312640380350e-01,-2.530382685317070224e-01,-2.143275285668456986e-01,-1.835304854425609811e-01,-1.804167565634340054e-01,7.120081001558382638e-01,8.477183879240602904e-01,9.123637732984096749e-01,8.788754427248028911e-01,8.259440077423126914e-01,1.752552208125904176e+00,1.384559754686733424e+00,9.525804291859749640e-01,1.268925125371350271e+00,1.140044540585291255e+00,1.449906816680790689e+00,1.306456402260447458e+00,1.338996133517827980e+00,1.503348931238208452e+00,1.411033214845129002e+00,1.353389355077648126e+00,9.963710391044542369e-01,1.441679428072180080e+00,1.695878396579485248e+00,1.952222374333180355e+00,1.905845942535318027e+00,1.959808547565011327e+00,1.502835118216153898e+00,1.533015807731461733e+00,2.021973281200128092e+00,1.638017189328879297e+00,1.679558661940307340e+00,1.826883623220221020e+00,1.896190321835353743e+00,1.921031061545735774e+00,1.297724621538558276e+00,1.417478658835451322e+00
-4.822548379854820766e-01,-4.594197291735807043e-01,-4.257852381903016181e-01,-2.673302762574316649e-01,-2.575356685563232051e-01,-2.669509411278399025e-01,-3.864841856195229131e-01,-2.894684909713698406e-01,-3.090017626628619452e-01,-3.215072768873902809e-01,-6.208480494995717303e-01,-6.358699340042381909e-01,-7.106647505920153929e-01,-4.744475716489106598e-01,-6.147960060406314486e-01,-5.935112290725064188e-01,-6.751338757509911526e-01,-4.303161723350456547e-01,-3.258269330957113130e-01,-2.433216830953790211e-01,-1.167527731106304950e-01,-1.904270844270473662e-01,-1.690602255589213898e-01,-1.322704785016239892e-01,-1.283569041116381648e-01,-1.708741371641765705e-01,-2.211449452909362290e-01,6.096800223287910381e-01,8.539596257528961898e-01,8.274136741142411600e-01,8.250970566907500636e-01,8.528756133226558234e-01,1.846719476688433614e+00,1.837468021444728761e+00,1.142844801821726541e+00,1.575790737525145868e+00,1.116400626983685473e+00,1.623306915239144610e+00,1.334510799619032184e+00,1.387479673709865802e+00,1.479012426345115427e+00,1.379798015139080514e+00,1.353907902212758030e+00,1.119489225593854664e+00,1.348098286331443241e+00,1.689242569268779359e+00,1.944140780534142410e+00,1.872852999873781288e+00,1.839806981342852588e+00,1.532351870304778263e+00,1.701434372177542453e+00,1.837292691218584517e+00,1.655310035879882902e+00,1.776584473263157937e+00,1.801379776346138994e+00,1.824182474516544250e+00,1.842445928437720148e+00,1.323183581977885659e+00,1.353723428935853512e+00
-4.336251529373769120e-01,-6.412570486223464483e-01,-5.631494012296559548e-01,-5.695148333534844065e-01,-4.885459078412502931e-01,-5.357337206001282492e-01,-5.555187389628704064e-01,-6.227970703901321015e-01,-6.011824596491657235e-01,-6.036847498913603394e-01,-7.122448190932436640e-01,-7.378210323236252810e-01,-7.733886437411531256e-01,-6.619709568345409911e-01,-7.079930247447736580e-01,-6.868410805699628474e-01,-4.493405821411750045e-01,-4.870926815281028666e-01,-3.104160025491882191e-01,-2.880329947755657649e-01,-3.374059726301577578e-01,-4.195339098679349288e-01,-1.621354118874100414e-01,-2.892111851825957536e-01,-3.578681681179131657e-01,-3.641988966255421123e-01,-3.522581919799149253e-01,4.222860504416324767e-01,7.395016222885076873e-01,6.936677457496411847e-01,6.337970958953885736e-01,5.902936973924861608e-01,2.070846917491311778e+00,2.147281194608440025e+00,1.646660031198411200e+00,1.523506327879384781e+00,1.042708609400675668e+00,1.447636988058494723e+00,1.276904591021690072e+00,1.500536385281356022e+00,1.402412067803791018e+00,1.635955042912635493e+00,1.725117939963566993e+00,1.524819241410266812e+00,1.379009139522175076e+00,1.433948845558814744e+00,2.040984648867913087e+00,1.723469527530247625e+00,1.959114005781346535e+00,1.377929033344235776e+00,1.421777186802348325e+00,1.814741617813059982e+00,1.385012463385235204e+00,1.535115845031898907e+00,1.665141622171069313e+00,1.861851305738394746e+00,1.811754154785280013e+00,1.250349942640526901e+00,1.332556177396966524e+00
-5.626504394746533189e-01,-7.861887318814996251e-01,-6.684041490478380698e-01,-7.191857993773838054e-01,-7.025632263786675269e-01,-6.505538177943819278e-01,-5.466124104569924924e-01,-6.202401591224447897e-01,-6.778742267142413569e-01,-5.363748428327027584e-01,-5.645274708290665133e-01,-7.060121575529494375e-01,-7.330255614376193218e-01,-6.630741276444664933e-01,-4.665554922367736168e-01,-3.674122166708509996e-01,-1.712575259244111525e-01,-4.707486756651223514e-01,-4.014274789479183592e-01,-4.225873768408836550e-01,-3.794650808978899947e-01,-4.892471665145669557e-01,-2.221612576687117535e-01,-3.798759388637674705e-01,-2.260135269797967916e-01,-2.893877297268157012e-01,-2.392742165434449675e-01,4.059135080538322504e-01,7.836558636251198529e-01,7.994965590355564977e-01,9.629500278907709987e-01,9.893407442791329887e-01,2.104565482979253943e+00,2.335000927954202776e+00,1.721450818306058617e+00,1.477536179126001326e+00,1.153138377125845659e+00,1.167889295139472594e+00,1.261227230077938355e+00,1.498236037587046710e+00,1.567485335922880196e+00,2.069939894290746096e+00,2.430089042192037141e+00,2.282727824212526180e+00,2.069011619139916380e+00,1.855714524020362077e+00,1.840733777773734037e+00,1.921972186965031915e+00,2.003186053603615679e+00,1.690207379996905734e+00,1.890202849849717426e+00,1.949274292430123845e+00,1.488196105715704931e+00,1.591063018260285400e+00,1.824151720995695669e+00,1.863621207446475081e+00,1.773036175779643564e+00,1.240863442243025583e+00,1.224604127318644098e+00
-6.615558420026140807e-01,-7.962328085719171389e-01,-7.190249598437360445e-01,-7.658848614629190088e-01,-7.320278620492741695e-01,-6.915074943980379363e-01,-5.529059013215767981e-01,-6.792145307272465793e-01,-7.283122923817293426e-01,-5.734602809188139583e-01,-5.728768848411979198e-01,-7.185080156950158781e-01,-7.254381446602893302e-01,-6.342685614754602907e-01,-4.342421065879925046e-01,-2.852892790807238232e-01,-2.171049451939565181e-02,-6.560366468119904759e-02,-5.043197228361893762e-03,-2.721655325076007270e-01,-2.939706139983371824e-01,-4.984764946133286578e-01,-1.025036949464496888e-01,-2.347253753701556978e-01,-3.319407041746954001e-01,-3.523507801400929673e-01,-2.745126908504599839e-01,5.364173577762757494e-01,7.804844251912174125e-01,7.373004376962233319e-01,9.296462857506547772e-01,9.499029377252607986e-01,1.858866305185391754e+00,2.292317615980073775e+00,1.844563324436950813e+00,1.590407140695026200e+00,1.269753401348967081e+00,1.403588543134311140e+00,1.070783660299986284e+00,1.351215288517649826e+00,1.433656636604865087e+00,2.091101928505363805e+00,2.488958865947721755e+00,2.681630057986584159e+00,2.140356515975219587e+00,1.732471009208074619e+00,1.817401750250450920e+00,1.905433663652924547e+00,1.923637765755821460e+00,1.609704050653694596e+00,1.830083322950710301e+00,1.943473140911240682e+00,1.347889434156105404e+00,1.527567098526639189e+00,1.757681996236021504e+00,1.605341744616110233e+00,1.530510865317559199e+00,1.119466463860223193e+00,1.151198027595898621e+00
-8.194269099877051765e-01,-8.184473441464138466e-01,-7.371230698908196599e-01,-7.925487564701991783e-01,-9.423715753335779599e-01,-9.153936688780205388e-01,-9.578158534402969604e-01,-1.001215384239914741e+00,-9.584063777852350752e-01,-8.719432995308209478e-01,-6.920104891961386118e-01,-7.779083846742501640e-01,-7.944266132924825419e-01,-5.572047203422511030e-01,-5.014828861256157566e-01,-3.803417211322572267e-01,2.191416491567258623e-02,1.189204416919914381e-01,2.111427215097647914e-01,6.129033666099855532e-02,-1.242107330100692686e-01,-3.344916991879706702e-01,1.840611570069741396e-02,-2.079835760242050857e-01,-3.631226510766520366e-01,-4.534056067168313331e-01,-2.539920995127126213e-01,5.885776431720238788e-01,6.677817397880695394e-01,6.717087715286278460e-01,9.097138148141045155e-01,1.001966555200773268e+00,2.136775418436889673e+00,2.053646532201538033e+00,1.903700258294418912e+00,1.697488527603482567e+00,1.208456096967094995e+00,1.521718139824412619e+00,1.227179184554289648e+00,1.499037922034143655e+00,1.595944749383376049e+00,2.019808387139162775e+00,2.443193748285416689e+00,2.210538594925096412e+00,2.083019563989242595e+00,1.918634803445622872e+00,1.865300565190706861e+00,1.878219508183695208e+00,1.839792345444616117e+00,1.641386108623205331e+00,1.835998368952045379e+00,1.691096595496623722e+00,1.165660539570404941e+00,1.313306468214445966e+00,1.488349113886347386e+00,1.448343399202491888e+00,1.388532296605630378e+00,1.000238177067224621e+00,1.094410916944608791e+00
-9.415715081433814193e-01,-8.145706349806366431e-01,-8.072054919916512583e-01,-1.012529366780199558e+00,-8.307585105930963554e-01,-8.085431613600401191e-01,-1.015333032903385613e+00,-8.772597472224796800e-01,-8.774083112753727764e-01,-6.067348379440054007e-01,-2.320454184660138697e-01,-4.746967556879424510e-01,-5.362949054552021977e-01,-5.038137023885804755e-01,-5.303198626099365764e-01,-4.671904262761835125e-01,-3.051863972481155818e-02,9.909176567658986579e-02,2.022220848462068510e-01,5.122266741492439296e-02,-1.471725299634168149e-01,-3.485156110345598579e-01,8.300646979195255848e-02,-3.883367218260572740e-01,-6.314432314341871244e-01,-4.031857570031934790e-01,-3.624004497151344650e-01,3.102668895283942629e-01,7.021495612058781255e-01,9.905738021687164885e-01,1.150508611934219161e+00,1.187193232030368861e+00,2.322301144729120637e+00,2.161737709368486193e+00,2.125100014910736856e+00,1.651657116448173479e+00,1.293063271263755976e+00,1.692213514890948733e+00,1.889974893273606238e+00,1.783870508242130004e+00,1.868635318378163213e+00,1.945017433478475333e+00,2.606480653627306410e+00,2.218578495944196760e+00,1.749091830251834123e+00,2.255451509055455439e+00,2.038571365456642859e+00,2.014391891688923408e+00,1.900458623727265595e+00,1.498267398943576634e+00,1.867224447626869788e+00,1.780692255928868262e+00,1.229563780279046892e+00,1.300582166891413483e+00,1.313767042289032849e+00,1.366043389043198220e+00,1.320895541133854767e+00,8.950656978948817732e-01,9.617487709678611552e-01
-9.263774559427556676e-01,-8.315637171366105918e-01,-8.283352017389502553e-01,-1.025225642155365158e+00,-8.651323137415301012e-01,-8.475456192436507941e-01,-1.016384255020486682e+00,-9.095246901103773984e-01,-8.996352272152956520e-01,-6.645037547853051008e-01,-2.574413638360491530e-01,-4.829422682785704524e-01,-5.347903226090335860e-01,-5.068194151158994520e-01,-5.312635531072338324e-01,-4.576362980975343109e-01,-1.046121041023144183e-01,-4.609393041317242506e-02,5.801355148756282692e-02,-1.183623064292596422e-01,-2.664335424960274090e-01,-3.766961165534842837e-01,4.664530671116345201e-02,-3.366533977926080001e-01,-4.395922982687102687e-01,-4.307125551652450923e-01,-4.300441046894196706e-01,3.425913771051993795e-01,8.048703255293699899e-01,1.006365259156202230e+00,1.125891095783508433e+00,9.398067416945599106e-01,2.044831919001058207e+00,2.134297000411315537e+00,2.165938452573954898e+00,1.793474000712827143e+00,1.496503269553159488e+00,2.069197442700373646e+00,2.026593221144888712e+00,1.912905880466292841e+00,2.057466145322813134e+00,2.130738968281229440e+00,2.578514703142517739e+00,2.629528232655543363e+00,2.346334093236910778e+00,2.416372900582218985e+00,2.306332258481823327e+00,2.152511417835861973e+00,2.123842512975017804e+00,1.723662547104132470e+00,1.763818644998284668e+00,1.717358723905202167e+00,1.250842470134710949e+00,1.404226898215084729e+00,1.431461124408480057e+00,1.472127971516546729e+00,1.418520676990280949e+00,8.373864476656515121e-01,8.727401691821338181e-01
-9.302245314134007792e-01,-8.572730558687976510e-01,-8.524404858095698811e-01,-1.090904253520023071e+00,-7.496419961475054849e-01,-6.691569325754743724e-01,-7.456485817393845306e-01,-8.858175773465752911e-01,-8.588599904783610350e-01,-9.422154019753252729e-01,-5.852930532866000846e-01,-4.546777743404072369e-01,-4.362050665824783180e-01,-5.140654887360008862e-01,-4.760774267503066759e-01,-3.382441752099594745e-01,-1.804901096953238082e-01,-1.086560429895210012e-01,-4.906124781392670609e-02,-2.944779001390658291e-01,-4.977501159890157512e-01,-5.163605291579252965e-01,2.088476465215221567e-01,-8.570451995183865634e-02,-1.412219312006424699e-01,-1.967118625222015194e-01,-2.740984564500996770e-02,7.947584622947513333e-01,1.086539879595851854e+00,1.495486598621200924e+00,1.513130280434940911e+00,1.476176421364431723e+00,2.049060317189602021e+00,2.221444234390784089e+00,2.267645771163178114e+00,1.934302773570290679e+00,1.829176342430062441e+00,2.383655428979977398e+00,2.404487345167383605e+00,2.538781463828204465e+00,2.624186301231344220e+00,2.588003046443499766e+00,2.493503781122893947e+00,2.473239972322092139e+00,2.466563946027696907e+00,2.236108672835139366e+00,2.398422699457254392e+00,2.478229731335610975e+00,2.259529437153691145e+00,2.242260466054473600e+00,2.191030581399751931e+00,1.821180890523085516e+00,1.605257240353307635e+00,1.647603751505524849e+00,1.760652260851418127e+00,1.637635694752168636e+00,1.518700791469309808e+00,1.185047175521544593e+00,1.132035500943314954e+00
-9.765101007801679778e-01,-8.189931374479613169e-01,-8.151728098790559374e-01,-1.075461366197721480e+00,-1.059452719457327996e+00,-1.039571505485508363e+00,-7.960649486388278184e-01,-7.332020620934013300e-01,-7.446929800937446275e-01,-9.273467889106903339e-01,-6.765333764592914578e-01,-6.632100903466184860e-01,-6.384979893866437051e-01,-5.513472903021015004e-01,-5.610283866495228144e-01,-4.478301902934031520e-01,-3.353621361008322643e-01,-3.063950279893125628e-01,-2.600069299764779518e-01,-4.360272225973180760e-01,-6.011721352715666544e-01,-5.825099345186223188e-01,-2.877769628758553326e-04,-1.030028599507052528e-02,8.809823349538321510e-03,1.075655892348517800e-01,2.399078503650005634e-01,1.067780413669016548e+00,1.301087581215249589e+00,1.342118709890454342e+00,1.370056146268785469e+00,1.419625992711782914e+00,2.325716097399991966e+00,2.416394545304342945e+00,2.386737086501900418e+00,2.199869591906193911e+00,2.039912914079897277e+00,2.489387929961451640e+00,2.249417923974610378e+00,2.478146485958391931e+00,2.575797387098080815e+00,2.672498649252525560e+00,2.600327258539549824e+00,2.428411956750071266e+00,2.581842744667264267e+00,2.145143375585441881e+00,2.336146768390688244e+00,2.448151819557657927e+00,2.162017803511257164e+00,1.995329336825693245e+00,2.205650285800456523e+00,2.130874404159411650e+00,1.939538107169971548e+00,1.913258872458918347e+00,1.800287195237680216e+00,1.567996014682160322e+00,1.515272376747583971e+00,1.046864323372248329e+00,1.068734296787155147e+00
-1.000695351546308176e+00,-8.298835909201717209e-01,-8.314897475361687773e-01,-1.091798712434795648e+00,-1.073224446802151899e+00,-1.057259297927511277e+00,-8.349920465334108588e-01,-7.636571686118014402e-01,-7.442129027841598576e-01,-9.155233770118729186e-01,-6.814044646390734483e-01,-6.595359222687643408e-01,-6.392648114925558733e-01,-5.600857697300214433e-01,-5.729792826844324338e-01,-5.371329777288640361e-01,-4.398751772761780310e-01,-4.484855722131773637e-01,-4.067083314826960283e-01,-4.990206515822420141e-01,-5.540637169106339410e-01,-5.348123754289856313e-01,-4.144383976348711002e-02,-4.316151340081701704e-02,-4.408715525121707085e-02,4.702798242814287821e-02,3.010879771225871138e-01,1.340529378784541370e+00,1.250399704751746555e+00,1.192095316494328650e+00,1.669968023442769178e+00,1.442231772864065009e+00,2.503633900958956104e+00,2.198729733606380243e+00,2.096427419205436404e+00,2.000341369685879389e+00,1.951821626770151807e+00,2.595495635184952299e+00,2.351087025269358755e+00,2.474494589192544058e+00,2.517189056454443463e+00,2.809418205135151947e+00,2.420230552114440048e+00,2.070121489912467361e+00,2.114448964414058718e+00,1.795193809986914690e+00,2.221908780767752667e+00,2.164984710894343412e+00,2.104093845997733414e+00,1.908232658303723017e+00,2.169371080077296288e+00,2.180983390687950330e+00,1.930696051529123158e+00,1.930201282123528594e+00,1.800008988510549912e+00,1.586287943169954806e+00,1.577115583502475493e+00,1.110830484819548936e+00,1.140569805264110004e+00
-1.084653809555746751e+00,-8.222652486739762123e-01,-8.335769363542631094e-01,-9.818865883852949672e-01,-1.071281414529303255e+00,-1.084456145706946151e+00,-1.021989172425235903e+00,-4.427874233330343356e-01,-3.789772853654443385e-01,-6.292305437964813564e-01,-5.728894721456561090e-01,-6.190845932132059692e-01,-6.218656061556027126e-01,-6.966206765964187975e-01,-6.227092227725500306e-01,-6.199849295521444592e-01,-5.252546638246574640e-01,-6.272666999849305647e-01,-5.836410901257808037e-01,-6.052153301769792604e-01,-5.845473385057148308e-01,-5.144785763314023708e-01,-1.180393686396178504e-01,-9.792150868081730963e-02,-9.430972951621148515e-02,4.592561873003385073e-03,1.899442013615205704e-01,9.520849858106747998e-01,8.118686286059770829e-01,9.004162739832641815e-01,1.380536813526954010e+00,1.273469852777517008e+00,2.275833650341529513e+00,2.124089770907372721e+00,1.948315450225477807e+00,2.130563826872753808e+00,1.915218002869563563e+00,2.437107280790235642e+00,2.256515812109145536e+00,2.110410926085163563e+00,2.180965144185018634e+00,1.831303569512650942e+00,1.671313243068682564e+00,1.477527704778352158e+00,1.450055627044426698e+00,1.692139106462517306e+00,1.795778241508973805e+00,1.941334518119455899e+00,1.729249560624800841e+00,1.329206408705440934e+00,1.541452685468379880e+00,2.131041605687213458e+00,1.899195648855651397e+00,1.782615705512613280e+00,1.720235384838260329e+00,1.696502987507344962e+00,1.661440680158586147e+00,1.102403166104977350e+00,1.328890098794069052e+00
-8.961350538479960770e-01,-1.087321905963982260e+00,-1.070255603248420506e+00,-9.683032560512210285e-01,-9.328845422496496731e-01,-9.305950339341901856e-01,-8.324099369531657855e-01,-8.858595621615780180e-01,-8.712771147969005092e-01,-7.561426741886350111e-01,-6.706800423020564672e-01,-5.729996977819008519e-01,-6.013521060515705230e-01,-6.079576763830829567e-01,-6.231892117420196886e-01,-5.943630763184318822e-01,-4.898835667070984279e-01,-6.212421937126848537e-01,-5.891615186095369161e-01,-6.550628374274708454e-01,-4.710362873221176638e-01,-4.078527743457469601e-01,-2.455321948081508679e-02,-1.128206512114935667e-01,-1.733485321966398152e-01,4.329154977857395392e-02,4.937635879770863739e-02,8.811026674933876146e-01,8.200441845025312482e-01,9.578785158108640285e-01,1.109286369813910378e+00,1.099050743910578332e+00,2.193125996766373209e+00,2.257369503417235634e+00,2.039567114720580943e+00,1.574716085794386045e+00,8.290212592193085817e-01,1.491241880995046953e+00,1.934235402686973693e+00,1.751095798583836016e+00,1.571875363862506925e+00,1.076908153885550945e+00,1.282406518796483930e+00,1.285293976432982044e+00,1.580315098101149562e+00,1.108064994459916353e+00,1.269229811187090107e+00,1.237073311848829738e+00,1.466719218282910076e+00,1.263607619474087507e+00,1.270929246483657016e+00,1.412938333483616082e+00,1.298632215090740116e+00,1.305277396553750524e+00,1.706198709335598140e+00,1.498157947998438821e+00,1.499830130858809563e+00,1.049815582813293346e+00,1.221061209522261715e+00
-7.239932837085005790e-01,-7.281753133055084426e-01,-7.617730268246177827e-01,-7.270822302308990182e-01,-7.843600507095277452e-01,-7.684014445175935126e-01,-8.865286608864687556e-01,-7.849777323922534356e-01,-7.645211620374821049e-01,-7.519792536955889339e-01,-7.226505686239670379e-01,-6.098734236467929781e-01,-5.205188686408688259e-01,-5.142096258453552338e-01,-5.605404459763132508e-01,-5.446856623435194500e-01,-4.854876560155551579e-01,-5.125837299359917720e-01,-4.489128002800676365e-01,-4.722292452478282776e-01,-3.224528075505350699e-01,-2.374406999110330041e-01,2.468004314144201516e-01,3.463120779218057388e-01,2.383146956863930188e-01,2.107773147740367170e-01,1.453984467916558665e-01,9.223715793293230103e-01,1.039363575402483697e+00,9.339313559152059296e-01,6.458260676815535950e-01,6.835059251220926280e-01,1.881057103594862223e+00,1.723097493692508309e+00,1.681557281711558938e+00,1.216046564924720075e+00,5.604210451624247469e-01,8.882335521220428021e-01,1.058207785093720377e+00,1.175446698598918482e+00,8.505067963246846219e-01,6.101267857435463959e-01,7.720957032142276022e-01,6.938118018063438308e-01,8.183527244125244904e-01,5.911275937707910488e-01,1.055946298203094491e+00,1.059362061039039515e+00,8.604715966707683350e-01,1.074597232065783947e+00,1.160971784051828104e+00,1.277113574293640808e+00,1.316318258124825835e+00,1.395250586388936398e+00,1.745740600879749138e+00,1.698358223107240494e+00,1.749344226386507772e+00,1.317953403287482450e+00,1.257979265342345609e+00
-7.405486000368771693e-01,-7.535366856369205557e-01,-7.868334600886377483e-01,-7.452853494063524931e-01,-7.785616202698971700e-01,-7.503006395198960066e-01,-8.850662030755547249e-01,-7.882674566638369074e-01,-7.449757445353438756e-01,-6.892645310643648049e-01,-6.914278769204224018e-01,-6.195631484178754089e-01,-5.168820454589678759e-01,-5.016563085963676727e-01,-5.346584581740321251e-01,-5.163570406391099210e-01,-4.709498686827988112e-01,-4.937029051213505659e-01,-4.677081569518434234e-01,-4.762851386599624148e-01,-3.339405701784550207e-01,-2.742896335015450049e-01,2.254402330771563268e-01,3.581924003043369109e-01,3.532537553478037329e-01,2.873741949299845055e-01,2.421822487163027282e-01,1.112406199331123835e+00,1.273877497874511544e+00,9.946132240189684559e-01,7.040923675590063935e-01,7.031112776985392054e-01,1.714972137365842864e+00,1.518188938174928948e+00,1.842348376311439662e+00,1.201975138409412391e+00,8.933632633950620017e-01,1.131677220322375055e+00,6.024835569908741917e-01,6.581618748068760461e-01,4.018138235432692773e-01,4.900922211195736233e-01,8.103668932320842178e-01,6.902960720799680150e-01,9.588101920570315517e-01,7.505911561188762793e-01,9.546584146272011351e-01,9.437260792661846809e-01,1.090021265328297462e+00,1.274694025944739906e+00,1.236452157446462641e+00,1.358477066983615034e+00,1.315345388266256021e+00,1.365593876240352111e+00,1.561075618344996974e+00,1.612696533010891109e+00,1.617189450404838524e+00,1.354386169807975770e+00,1.415606493978357028e+00
-8.045059131737581914e-01,-7.618603590464049224e-01,-7.537408907482703313e-01,-7.176925181750531957e-01,-6.613994402817644502e-01,-6.319301967164105971e-01,-8.176763023098175820e-01,-4.879254343531903571e-01,-1.739429500626434866e-01,-5.174857906108922823e-01,-3.218374521685162803e-01,-4.926540129614568331e-01,-4.048036939157043657e-01,-4.878477443942358383e-01,-5.367816652854048298e-01,-5.385262971076014704e-01,-4.369268352480122353e-01,-4.218457772281622997e-01,-3.756750616179585500e-01,-3.331059827065073198e-01,-2.572671563807751305e-01,-2.223725454017645986e-01,2.196244735485963495e-01,3.710293392119455858e-01,3.812830100294955504e-01,4.352961699409593765e-01,4.251353756371566428e-01,1.331371623654519665e+00,1.502863691913499000e+00,1.206089245294142964e+00,8.042033283799441268e-01,6.832384158975907118e-01,1.579460901630266534e+00,1.466274221205189576e+00,1.695247980766671603e+00,1.546883931325760297e+00,1.426764938410673089e+00,1.453384386086100433e+00,6.987288551630048694e-01,3.714862515412402089e-01,2.836611956414988867e-01,7.268698825241691752e-01,9.243111929688492268e-01,1.176524149699273325e+00,1.178548767687771059e+00,1.294175608268512745e+00,1.309209202005704897e+00,1.415943463303154903e+00,1.352566830578199486e+00,1.775607246803301065e+00,1.816386626820185146e+00,1.429297585179157393e+00,1.301019117833898564e+00,1.347055054766651772e+00,1.369890611043937279e+00,1.642328586288114511e+00,1.731214475520510554e+00,1.493835925619631189e+00,1.597156463034406171e+00
-8.434729269617067260e-01,-7.966873954268581803e-01,-7.552546721033227550e-01,-7.778646455070492571e-01,-7.629999452505643598e-01,-7.495624763770939447e-01,-6.503818912023745513e-01,-2.466692659021990364e-01,4.998079791354644030e-02,1.316809764243017343e-02,1.577179122499219183e-02,-2.521244298516612803e-01,-2.633807491664932887e-01,-4.351645194635976321e-01,-4.203293884240820177e-01,-4.047760131564555608e-01,-3.491938039526011339e-01,-3.330565780576856816e-01,-3.058044171991601279e-01,-2.217416229331349298e-01,-1.880865569794736014e-01,-1.705121916324476017e-01,2.002607149475356396e-01,2.720125939159333539e-01,3.136058896183413491e-01,3.335838511971322973e-01,4.112794094541161183e-01,1.395567474511440809e+00,1.492241548979809762e+00,1.427480035649962398e+00,1.010197388266893537e+00,7.969154948482738421e-01,1.508007959662992947e+00,1.421665907978875598e+00,1.446072396550043049e+00,1.561524923129987696e+00,1.415893731800638156e+00,1.595061257639749819e+00,1.436043303979936958e+00,1.168372527255081117e+00,8.259414331782113372e-01,9.063052328531671087e-01,1.394305238381842615e+00,9.938254355322596600e-01,1.275515397274909590e+00,1.481543707240465135e+00,1.184191047428384103e+00,1.487322588894801845e+00,1.646107745852709359e+00,1.860217599733322125e+00,2.000958040699024387e+00,1.669225198625582829e+00,1.256453189049021590e+00,1.306439283994060396e+00,1.433389478692735919e+00,1.973599126809503002e+00,2.036120454838824756e+00,1.629197591870272799e+00,1.703610123503306983e+00
-8.460007507998316134e-01,-8.045139481817382698e-01,-7.661282711949798374e-01,-7.741927012376401684e-01,-7.319103689838601934e-01,-7.146104121698400036e-01,-6.478700762730880136e-01,-3.163473048166373647e-01,-8.392118656770900312e-03,-9.549908943953677731e-02,-2.838023914727830915e-02,-2.338468237100098379e-01,-2.753124621889652124e-01,-4.095337028749233554e-01,-3.993362044487583362e-01,-3.561983213346006649e-01,-3.327022714357109612e-01,-2.906580396651638476e-01,-2.721457218605453643e-01,-2.248661968439152614e-01,-1.889455337926118639e-01,-1.680647725108905532e-01,2.350882933295727617e-01,2.979825615212867151e-01,3.363545911314708148e-01,4.086675047270441063e-01,4.484258122838686300e-01,1.489264328304667817e+00,1.548479605683755311e+00,1.349683188133840694e+00,1.075178732830263550e+00,1.067191891437156981e+00,1.563629218462932347e+00,1.694389984380996861e+00,1.476414960940682919e+00,1.429481489966049290e+00,1.492213364120529517e+00,1.551679477175522459e+00,1.271830985292697669e+00,1.022066334007518673e+00,1.107321163506362671e+00,1.381385763643934395e+00,1.048278807653358236e+00,9.332401781953721942e-01,1.586418076090212015e+00,1.679924071817393783e+00,1.406780363059326522e+00,1.507320523727630368e+00,1.593831556076719558e+00,1.782609953147064052e+00,1.962932662142675921e+00,1.663293300880761993e+00,1.322380529966072027e+00,1.482724843175073470e+00,1.517497569374994359e+00,2.061816624294244615e+00,2.111431261790939651e+00,1.724399455737142484e+00,1.741863461159387505e+00
-8.486115276487760095e-01,-8.391773069378563044e-01,-6.899400407874891616e-01,-6.822066774887085572e-01,-6.734368927585009379e-01,-6.531098301809964424e-01,-6.038409639322563915e-01,-3.266387479860302090e-01,-2.311151329365961626e-01,-1.902745242056416430e-01,-2.816822499291718462e-01,-3.618798739883907212e-01,-8.309065546338348374e-02,-8.296050925784531627e-02,-1.899342233267007352e-01,-1.850188517415340683e-01,-2.258682428611037130e-01,-1.009502041802437383e-01,-7.096112873554608069e-02,-4.393797996619307894e-02,-4.775532177310793519e-02,-2.672575220472412499e-02,3.561481773876897794e-01,3.670761678913213033e-01,4.160832788475827826e-01,7.988664066770991834e-01,7.618441038513126262e-01,1.375452056574838267e+00,1.526796068666004924e+00,1.468486950052352746e+00,1.093860964630079646e+00,1.080128480932564194e+00,1.711214255080016677e+00,1.760955517748234334e+00,1.461157107230483865e+00,1.374614678920190292e+00,1.289860220642297328e+00,1.353508838352607491e+00,1.066862510257219565e+00,8.562308773247845339e-01,7.973418425913046947e-01,1.014016391172627429e+00,1.205212747647204985e+00,1.290093383169305108e+00,1.824886433984777678e+00,1.757756228344202309e+00,1.577316047948852828e+00,1.592720988870934162e+00,1.508310488599523991e+00,1.958933617109612779e+00,1.828617841534969868e+00,1.623394422156875239e+00,1.674412799643012040e+00,1.902540415269681207e+00,2.025278339213086642e+00,2.267693418274075334e+00,2.314282357206960405e+00,2.000839567447300738e+00,2.015268727447242725e+00
-8.657890639958423229e-01,-8.739336671252039279e-01,-7.463277234790310910e-01,-7.452992567847165351e-01,-7.126781600789193760e-01,-6.812999494761209363e-01,-6.505492124004309540e-01,-5.690832741940549111e-01,-5.300372223175318087e-01,-4.910581987021969130e-01,-4.790760990325996227e-01,-4.535644365373559528e-01,-1.961781129292428927e-01,-1.399398759023298966e-01,-1.796101323682761652e-01,-1.266264054276743656e-01,-1.812527448833365362e-01,6.950922867613817946e-02,6.248929995277581473e-02,-6.595698870798118174e-02,7.557740613438256039e-02,1.097884396212884389e-01,4.194825672867200650e-01,4.142978146139909557e-01,4.525509251263497568e-01,4.566426666202772489e-01,7.684263241501801955e-01,1.527419061857357319e+00,1.607396513034414776e+00,1.424916031921203308e+00,6.853854177863630825e-01,7.679744544197253386e-01,1.389278196980567426e+00,1.418985843587087015e+00,1.164305512219044214e+00,1.094913127224454552e+00,1.003205691076986206e+00,1.162757250915668061e+00,1.407371724563145854e+00,9.623561363988027972e-01,8.350201584454010062e-01,1.394748464935526400e+00,1.652353980917554699e+00,1.699821654762593504e+00,1.616082742011988538e+00,1.702626912792999825e+00,1.251431301086845638e+00,1.274149892220490576e+00,1.716292699883761097e+00,1.948064647854629738e+00,1.792089723252251465e+00,1.833755298368267006e+00,1.837730980825931670e+00,1.928002552935549341e+00,2.206610170710907148e+00,2.114600984465943689e+00,2.158312428176096809e+00,1.835239430057883370e+00,2.004848426428841979e+00
-1.006670239524882993e+00,-8.941623447500909316e-01,-7.887950012102036279e-01,-7.690758659997128932e-01,-7.215612773665810442e-01,-6.946008039908723175e-01,-6.829365641774615137e-01,-5.883198418916628647e-01,-5.819959805477042947e-01,-5.520540179622338561e-01,-5.247257912352306652e-01,-4.798422540801384750e-01,-2.295796528008803294e-01,-1.671498447591339143e-01,-1.830283729996712017e-01,-1.087260356185893589e-01,-1.581960360834506474e-01,9.504752729519271026e-02,2.589104687856997808e-02,-4.733866055873566653e-02,1.064425133891056113e-01,1.149529317456970401e-01,4.425639629574384948e-01,4.796723952386153789e-01,5.155864317775388228e-01,4.827672895733284841e-01,7.520831083339043488e-01,1.494109598887341850e+00,1.539079305693446420e+00,1.424050417735462926e+00,6.862149669809901598e-01,6.812703180591350716e-01,1.362539923587716917e+00,1.355385438759576733e+00,1.235532536630211231e+00,1.127774495119208575e+00,9.748569762801410077e-01,1.281000150408208471e+00,1.562945585440419061e+00,1.289341844272340332e+00,1.260476691812340899e+00,1.489949144966235428e+00,1.574990384675109212e+00,1.667084482838881554e+00,1.570170286941258597e+00,1.625310538789393577e+00,1.051412721526483462e+00,1.183272401480300218e+00,1.780363198629790977e+00,1.956287958096015966e+00,1.727460249959355654e+00,1.765658140076577842e+00,1.815135566076307105e+00,1.818512890102301105e+00,2.068874066599361239e+00,1.988282812416737988e+00,2.056553573472049035e+00,1.725086115738268644e+00,1.895651718746310666e+00
-9.845379115362385969e-01,-9.348631820463902953e-01,-7.576265895014386853e-01,-7.460408210621666258e-01,-7.183692925374306482e-01,-6.968476135402156268e-01,-6.975258887469376612e-01,-5.919559079835389204e-01,-5.441917025913702854e-01,-5.434644600064473252e-01,-5.127446357904055230e-01,-4.272070343267869164e-01,-1.878937789564563143e-01,-2.184958280523541796e-01,-2.028917166516384374e-01,-1.716166179584618368e-01,-1.347365491553505212e-01,8.588355221776315662e-02,9.045516923646741703e-02,5.693758369486622006e-02,1.129483092494224378e-01,1.482436799551814788e-01,5.629771777755120388e-01,5.081168093723201773e-01,5.209268118258423286e-01,5.580026397160081642e-01,5.389185075302936889e-01,1.145383010712759608e+00,1.063350423074360451e+00,1.132738205336249804e+00,1.108155192335105621e+00,9.942587103606020937e-01,1.471363321178456474e+00,1.654682809060532778e+00,1.655525044698436643e+00,1.174422386990639167e+00,1.273048525637374251e+00,1.568018766853099377e+00,1.348679101432841199e+00,1.548240219058292677e+00,1.618535375001242338e+00,1.603838613463890228e+00,1.610997522305560814e+00,1.581186113347938793e+00,1.741478186337006573e+00,1.629178221537528559e+00,1.626580196197570327e+00,1.662146096181091437e+00,1.983113459679659352e+00,2.045585516645245683e+00,1.878592041226596621e+00,1.772948579591586693e+00,1.753573532670397173e+00,1.883361588718076796e+00,1.910139268474573493e+00,1.993193217935802508e+00,2.071062173164716302e+00,1.594393346177795712e+00,1.913673153247275938e+00
-8.494590477628881642e-01,-9.017565738755325411e-01,-7.653358153217544313e-01,-7.661041608044123485e-01,-7.404138752546257640e-01,-7.098624605047766378e-01,-7.110453600388808582e-01,-5.987320125411097482e-01,-5.441206884515065179e-01,-4.487669208083887029e-01,-4.402739621414302751e-01,-3.702507597608171164e-01,-1.643009632485856464e-01,-1.926893581936559574e-01,-1.591198029245009526e-01,-1.433368551612854702e-01,-1.383546119291838572e-01,1.685972721176068889e-01,1.933600588238631734e-01,9.817530473480994002e-02,1.452827002214289454e-01,2.307316047832522199e-01,5.814941404998297259e-01,4.927937398839707939e-01,4.570336758838872693e-01,5.131544231275738666e-01,3.987999662175613080e-01,9.790309857374839275e-01,1.173482162808410001e+00,8.961695540376277691e-01,1.203075641369668825e+00,1.143846068663806115e+00,1.855826175632297348e+00,1.682155307123836874e+00,1.630366929182658131e+00,1.465310034779305326e+00,1.262011698979845553e+00,1.466927448831869985e+00,1.371323674452683328e+00,1.485870631226084093e+00,1.474076983222793347e+00,1.531966802796095539e+00,1.329064077796784371e+00,1.352968116444161373e+00,1.821097467861129804e+00,1.791568301004810237e+00,1.681828211687446784e+00,1.743530859437344427e+00,1.783901205687724367e+00,1.646466745208543303e+00,1.687551374906251622e+00,1.759648246438598962e+00,1.741039309592182338e+00,1.767296776157557314e+00,1.866323916347515155e+00,1.839364997098763332e+00,1.881832592960332340e+00,1.918668441407797465e+00,2.048207621694596803e+00
-8.060743019328174830e-01,-7.536688262378906655e-01,-6.343622190974252950e-01,-6.301450085337748641e-01,-5.922193788619177779e-01,-5.700655487265297028e-01,-5.096069314268799610e-01,-2.758496240551545076e-01,-2.425633360634009139e-01,-2.448993193286572168e-01,-2.323916818146757324e-01,-1.532442463090629425e-01,8.866959435020822788e-02,7.215929596016665282e-02,1.093741405352333662e-01,1.414395689567378989e-01,1.523370079091574958e-01,3.699916878545725929e-01,4.147218229749958240e-01,3.703687356964350252e-01,4.292807251749217734e-01,4.558719894117664317e-01,7.501583694626274834e-01,6.765022860541489713e-01,7.002140830664375093e-01,6.830321467630663390e-01,5.666658495018970232e-01,1.014654545980865574e+00,1.215516001887708031e+00,9.648436930802958278e-01,9.931229564699949330e-01,1.033434721349357321e+00,1.559249368229235655e+00,1.530188583691183046e+00,1.417041726078071884e+00,1.314565216698908801e+00,1.177714237606538372e+00,1.639660813826548713e+00,1.464893734936765224e+00,1.285562294596128030e+00,1.254603998245048535e+00,1.393461330620956895e+00,1.468640023158519936e+00,1.401133373115781344e+00,1.719846254796536078e+00,1.763129829088254441e+00,1.677497893258736328e+00,1.779034546959260776e+00,1.733343726360058401e+00,1.556564927286882227e+00,1.509604309470666372e+00,1.762069470016312867e+00,1.689706063968378302e+00,1.674719787737743326e+00,1.655318277509333136e+00,1.681083844833917373e+00,1.726800789279396176e+00,2.003622262422090294e+00,2.075612186969239215e+00
-7.774773600851800914e-01,-7.388683381225477076e-01,-6.646619577092327535e-01,-5.997205384508830228e-01,-5.657870332204578689e-01,-6.048000398897130925e-01,-5.003852161396243892e-01,-2.195530052350416761e-01,-1.986436188335055086e-01,-2.031166426010251880e-01,-1.927649859615604699e-01,-1.586965132681206481e-01,5.637303651774246832e-02,8.128587370734123574e-02,1.093546773690186186e-01,1.540319404390144975e-01,2.064076614860697323e-01,4.663281053976593982e-01,4.519101152161886792e-01,3.587989493838842914e-01,4.206289137069471606e-01,4.634125427969211786e-01,7.200810699603157339e-01,7.368719524487375994e-01,7.883268917496439876e-01,6.508184922728497135e-01,6.998151646019443728e-01,1.099865539462642428e+00,1.209677394161770669e+00,9.421966017125541493e-01,7.430446428948216386e-01,6.216174515451395877e-01,1.647047384969921424e+00,1.391690473589005439e+00,1.308924757305998110e+00,1.409639399606148702e+00,1.098840815692640138e+00,1.497404070237667861e+00,1.515270068983982421e+00,1.563681325310345649e+00,1.325935537094164562e+00,1.467585962172135439e+00,1.514630811824834389e+00,1.455048114288584493e+00,1.724927620409843598e+00,1.806984998008909438e+00,1.602142628766379806e+00,1.788159886508473351e+00,1.741023898349514765e+00,1.517856161103459112e+00,1.424048860557382445e+00,1.581685851037631929e+00,1.463197730845774647e+00,1.414814389213421508e+00,1.217898391270159530e+00,1.640060746094602173e+00,1.809791965877147524e+00,1.730038239494807728e+00,1.499235698494371105e+00
-6.920527900172310787e-01,-7.966246795361622279e-01,-6.067940277347004807e-01,-6.089222551283225426e-01,-5.727328963158057062e-01,-5.664233598685850524e-01,-5.583113318500662059e-01,-2.715352740692218436e-01,-1.979188614166829674e-01,-1.977651403915684225e-01,-1.898174399094203768e-01,-1.543840641619115550e-01,5.081257681896828027e-02,7.383355898418526853e-02,1.182321522754756632e-01,1.554853619961387157e-01,1.475568181566045689e-01,4.188352797729430477e-01,4.185457415184082319e-01,3.777756132389339938e-01,4.229229752382045460e-01,5.081726499108891737e-01,7.711389821490015617e-01,7.665811464483677229e-01,8.067590486731105459e-01,6.221780120541026138e-01,6.236626470312147674e-01,8.897822179779221186e-01,9.421669661658966799e-01,1.036941668254794946e+00,8.253924916160724212e-01,7.998402336433660942e-01,1.593753412465166219e+00,1.468094553912608902e+00,1.194801810436064260e+00,1.172253251631379500e+00,9.338902018376485925e-01,1.367533117592074188e+00,1.320502042148671951e+00,1.389893179567128989e+00,1.428939375593853756e+00,1.574009290977481434e+00,1.680727909251253260e+00,1.583601307207728182e+00,1.437328492558402671e+00,1.601422458163401563e+00,1.619987815391750630e+00,1.697880020760819564e+00,1.730176237177795562e+00,1.519345448216588235e+00,1.527417532183660054e+00,1.382492476635646783e+00,1.278045417208947931e+00,1.191402470890108978e+00,1.173617101604652824e+00,1.290010047588626474e+00,1.481957273808410802e+00,1.411416421706747970e+00,1.582423930093260100e+00
-7.332961837671226890e-01,-7.781264907301261857e-01,-5.618688334926573713e-01,-5.572215307560614006e-01,-5.485146417639213956e-01,-5.295457218852602788e-01,-5.496769923488632470e-01,-2.624494826330812658e-01,-2.599970010445945001e-01,-2.615172608483161687e-01,-2.405805046742953424e-01,-2.057183931563571766e-01,6.770901799596923398e-02,7.077832320158251866e-02,1.292346458142594745e-01,1.393071367990339759e-01,1.344943833207291883e-01,3.723506564615324810e-01,3.532814374925747347e-01,3.578159249144365894e-01,3.592167268558361659e-01,4.023655582259675900e-01,6.697662027312334398e-01,7.412499726132368849e-01,7.280339940361798545e-01,5.604932726247321417e-01,5.212896439913704549e-01,8.419661719263472621e-01,9.176240966711598501e-01,9.741072357046691721e-01,8.286385540256513416e-01,7.062584250658069385e-01,1.319040246728354626e+00,1.294771721476332571e+00,1.407388768931001621e+00,1.110919814448643406e+00,1.018727646828668343e+00,1.466875788165320715e+00,1.386250610984713472e+00,1.313145995569431346e+00,1.248340115797857308e+00,1.474519088153337654e+00,1.708373290918972831e+00,1.488902934740373052e+00,1.285066321706731074e+00,1.711636628947817540e+00,1.733308474200437210e+00,1.784958016444614604e+00,1.759149601444675692e+00,1.624392497562265669e+00,1.513685111992010501e+00,1.385956299297947725e+00,1.237523271285951854e+00,1.294105554624078280e+00,1.444803731889996667e+00,1.429481837202986050e+00,1.520099993611556899e+00,1.324160223454887264e+00,1.576130171225557097e+00
-7.246274978380443654e-01,-7.272318617365415294e-01,-5.137794989528977618e-01,-5.508959668164056245e-01,-5.543627628961064202e-01,-5.427377465544932500e-01,-5.535766930246456274e-01,-3.028723508092441841e-01,-3.062216942341218218e-01,-2.763975037053011952e-01,-2.701026082706129428e-01,-2.542087905300569051e-01,-4.601111474431138215e-02,3.831367922727043490e-02,8.502069598902829706e-02,1.154115280729332976e-01,1.367711239783749588e-01,3.276008025503887588e-01,3.222331275649500393e-01,2.964578041339913650e-01,2.618574551987449262e-01,2.873877625792816137e-01,5.892970291822334783e-01,4.821926817386342212e-01,5.212152098658900945e-01,5.070798515597240153e-01,4.673422635351236476e-01,7.241389333912423565e-01,8.263141976029433344e-01,8.102098689140524446e-01,9.124423177930475193e-01,8.167098891679681616e-01,1.237675743882434842e+00,1.255916309250408425e+00,1.251245277833229474e+00,1.081080346715574514e+00,9.450421837397560143e-01,1.311166262344811262e+00,1.263389156732834140e+00,1.550499169269206945e+00,1.497521689803337885e+00,1.825300032280530393e+00,1.617812078028797007e+00,1.371684328474474412e+00,1.243204402633547812e+00,1.496372458278880435e+00,1.398940491350282089e+00,1.462219120534242967e+00,1.602004667756337986e+00,1.480166791862008280e+00,1.367911245046690594e+00,1.303249627330809179e+00,1.301608045849959039e+00,1.342180148492851277e+00,1.378483921306733917e+00,1.539547614869953396e+00,1.663418629356410605e+00,1.310391517334213995e+00,1.468865327556639011e+00
-6.895388406690899918e-01,-6.690909048125462943e-01,-4.006239541324105313e-01,-4.579461802284715000e-01,-4.628041234002197024e-01,-4.745361587281698990e-01,-4.733609610667791623e-01,-1.304471686760888816e-01,-1.519259537674707006e-01,-1.623253314330827535e-01,-1.596935280644825872e-01,-1.211296579502007809e-01,1.277446449897740033e-01,2.140745455926750807e-01,2.960513024938584703e-01,3.095757309869370255e-01,2.397327990870597725e-01,4.282281125442425895e-01,4.271473139776174044e-01,4.450141064887501163e-01,4.329397618326892294e-01,4.612063717313393818e-01,6.079168393030989215e-01,4.621521584091618506e-01,4.764653794758460514e-01,5.348073023326873621e-01,4.451208221124589026e-01,5.558909802712569403e-01,7.652258636237165845e-01,8.327617018682613725e-01,8.027251265064553332e-01,7.059670527899662984e-01,1.070918287901834187e+00,1.040393414724939625e+00,9.258432980547444124e-01,8.622158117099866237e-01,8.757215627373159395e-01,1.347658690677271398e+00,1.690113063671798699e+00,1.683993686942491852e+00,1.702773531755136682e+00,1.500679382918371108e+00,1.748761632276623956e+00,1.672768605648867313e+00,1.509252757069411199e+00,1.070420786484404196e+00,1.539584652815076282e+00,1.564261694292955696e+00,1.374961414151496530e+00,1.503325307284035794e+00,1.388364144020439728e+00,1.258996642277228295e+00,1.309417395199536038e+00,1.375779722412229455e+00,1.580431194100596848e+00,1.493342301332929445e+00,1.569847529556100740e+00,1.429612138320563774e+00,1.267394275217640587e+00
-6.976507584005737783e-01,-6.804557793710515057e-01,-4.125478918692694341e-01,-4.627597490729721263e-01,-4.714366037382428654e-01,-5.151488108206894179e-01,-5.176399065831622792e-01,-1.864115049176921779e-01,-1.999347786254614401e-01,-2.434712376841840498e-01,-1.401855114644479372e-01,-1.359480336781970777e-01,1.348534638156836385e-01,2.293597313415950967e-01,2.950581703129857014e-01,2.730280456720498572e-01,2.290984883803895145e-01,3.200073288957679951e-01,3.007476038839460020e-01,3.232319002722885415e-01,3.459357641302769348e-01,3.538223914553106919e-01,5.863393182947647109e-01,5.530507615851677494e-01,5.202223112199803046e-01,5.608341838264060408e-01,5.735380798389947410e-01,7.328929176572070991e-01,8.562960007115871797e-01,8.764567086538399554e-01,8.398609668054827226e-01,7.313910231044477017e-01,1.077844533529852766e+00,1.050555454675151434e+00,9.451232865317904519e-01,8.295589047109319658e-01,8.463509318306432494e-01,1.210249781079268949e+00,1.333604878620092249e+00,1.344279185201344262e+00,1.309471260846614582e+00,1.292217139788894853e+00,1.555447506433497606e+00,1.440997645699068963e+00,1.342381452695546207e+00,1.300843064499528134e+00,1.260178240076801792e+00,1.271912305002112165e+00,1.211244668497909460e+00,1.595221183783636087e+00,1.508704002953411116e+00,1.258834869225854636e+00,1.304698051283155635e+00,1.441218883906569603e+00,1.580069734595270337e+00,1.554758110016834616e+00,1.585306964678895758e+00,1.297665203586973570e+00,1.064710348844112087e+00
-7.052104187081648101e-01,-6.933574749393587311e-01,-4.426520830970719911e-01,-4.885110464670416319e-01,-5.042030419951358811e-01,-5.491235748917996373e-01,-5.371031291821968257e-01,-2.150726062859818488e-01,-2.082343128999312731e-01,-2.390039683357030043e-01,-1.437416049761156556e-01,-1.435922044373059425e-01,1.311032942137523860e-01,2.550679692939360477e-01,3.183339463009265402e-01,2.836345805536546472e-01,2.506248081459498400e-01,3.570242656078081445e-01,3.488605031602286521e-01,3.529540432213751910e-01,3.880486572106324750e-01,3.958761732571047243e-01,5.832095645643555759e-01,5.540881488068143401e-01,5.336079081145029823e-01,5.398687743091927782e-01,5.636318616834246065e-01,7.530375359011800551e-01,8.421664965654050983e-01,8.034891143420305193e-01,7.530989201383364584e-01,7.095272547083826264e-01,1.045276758277957629e+00,9.908156701521844134e-01,9.694754574403904313e-01,8.892244914206847151e-01,8.802023886448812062e-01,1.288836502285292562e+00,1.303244148634832067e+00,1.401297562490817716e+00,1.352210425357015078e+00,1.412005890631046423e+00,1.667596660167955713e+00,1.592044490523680134e+00,1.488432938325180421e+00,1.416789500282618075e+00,1.304698682720062619e+00,1.229898497423426607e+00,1.282513990097155165e+00,1.727796177494899998e+00,1.635135831473237600e+00,1.419383286302920322e+00,1.374791912298562346e+00,1.514263110475162710e+00,1.520478977874848869e+00,1.505072985001830954e+00,1.564787959908822579e+00,1.211183922946551306e+00,1.000394928820179885e+00
-7.321793817480340971e-01,-7.185396727190985766e-01,-4.894297900499838261e-01,-5.148784001968484958e-01,-5.281685749625129045e-01,-5.670501961748058983e-01,-5.576777389610564351e-01,-2.344866577637039484e-01,-2.188472311042909957e-01,-1.925614773288716053e-01,-1.574289380339923827e-01,-1.339270589927669952e-01,1.341969238480024418e-01,2.326962296774527927e-01,2.753747212043495263e-01,2.853565007822082555e-01,2.717810051232554813e-01,3.675522338203092709e-01,3.603083919362806697e-01,3.246676623651822968e-01,3.544958631321277753e-01,3.591039024961664161e-01,5.222589805313176958e-01,5.804983765633997539e-01,5.875168861120938502e-01,5.578227531756395630e-01,5.207378896781633681e-01,6.675806103713489703e-01,7.613684416854759052e-01,6.694631339081713595e-01,7.538449636623709704e-01,7.179728108043380574e-01,1.225881603753495641e+00,1.029614616905569990e+00,1.023855227326634809e+00,8.147632084228716431e-01,8.851345128176109078e-01,1.374093372410350566e+00,1.511314117077118047e+00,1.526176303355189612e+00,1.344027161294965467e+00,1.269322237468880177e+00,1.560047431092309589e+00,1.598454949694646077e+00,1.492732783873099933e+00,1.294619529023119942e+00,1.272939795038417365e+00,1.374922723500082711e+00,1.346662025072461466e+00,1.514005563584362113e+00,1.483061834894662478e+00,1.569043439469044232e+00,1.504989118626751665e+00,1.579878513895002667e+00,1.604727141416522285e+00,1.482922895572236666e+00,1.500234942986405251e+00,1.296322278432446407e+00,1.029691599843439498e+00
-7.746087630500918531e-01,-7.776957720666957119e-01,-5.281527648754379411e-01,-5.474256343444861006e-01,-5.650447541072841640e-01,-5.919847361171500788e-01,-5.483248778493007292e-01,-2.571314251463551193e-01,-2.258261853070038239e-01,-1.977829854242231511e-01,-1.663830579752580141e-01,-1.596767986082301694e-01,7.763278678739418681e-02,2.031186766351301964e-01,3.387118860811947352e-01,3.651129587821014821e-01,3.402666034186442867e-01,3.330530877498859565e-01,3.308524764817417640e-01,3.308761366123544323e-01,4.569556389135711605e-01,4.558684974522154154e-01,6.089917020821928872e-01,5.697861119804401575e-01,5.608820026838676753e-01,4.473523834198973037e-01,5.333630287739221654e-01,7.493808541898778763e-01,8.115425397856362855e-01,7.047047976410092396e-01,6.721621242983415456e-01,7.298793249170489883e-01,1.244953576647759963e+00,1.095442780973323371e+00,1.173562032970754343e+00,1.051245548879139902e+00,9.541279030963671914e-01,1.341173302236713605e+00,1.449633641496907321e+00,1.497798780619654657e+00,1.541712249074598917e+00,1.502334892525593490e+00,1.666041641012898200e+00,1.587715924916450971e+00,1.552520789757797282e+00,1.416811355969322506e+00,1.417797909610923002e+00,1.394368985790221060e+00,1.401485255083972925e+00,1.370214705447421411e+00,1.439566395875873983e+00,1.452340674094841688e+00,1.467359843940117425e+00,1.443522539222692469e+00,1.721568962283146709e+00,1.658971829339195292e+00,1.708918138368674677e+00,1.352334761347219638e+00,1.163357115010458909e+00
-8.620029173210909113e-01,-8.213776977093714127e-01,-5.332787338361490992e-01,-5.612264087988217964e-01,-5.758963555281921831e-01,-6.059437952912216652e-01,-5.552052557479238981e-01,-2.033664269715282080e-01,-1.786317848228041738e-01,-1.372289109505130111e-01,-9.434598736270824459e-02,-8.422757372191709557e-02,1.707244133428492960e-01,2.818085715339465058e-01,4.040587703913322004e-01,3.969071184884292447e-01,4.253609450277258675e-01,4.709638198522541064e-01,4.627648737284177360e-01,4.625275438243702797e-01,6.040527119840682913e-01,6.071900787111642606e-01,7.329996330975736551e-01,6.835381501092039347e-01,5.799221417564357495e-01,4.403120849873872200e-01,5.328143518466181838e-01,6.489112375921374243e-01,7.202412878293227294e-01,6.130795308208646377e-01,6.274846074208308977e-01,6.604891247932013210e-01,1.024753335284000366e+00,9.762568237631559231e-01,1.034288924862861059e+00,9.806735396157731932e-01,8.792507546148602415e-01,1.558650988961876482e+00,1.569917109130735788e+00,1.608739730076263141e+00,1.378213439982678645e+00,1.362585926096494315e+00,1.565223375224060520e+00,1.463394038249622886e+00,1.356505679705184209e+00,1.353277659302191349e+00,1.398121022398008506e+00,1.340664064396208444e+00,1.355450684879780265e+00,1.373470235180841659e+00,1.341338101048207943e+00,1.487175183134857193e+00,1.511979276980897735e+00,1.531436038881343498e+00,1.528534823222873262e+00,1.396120308700129709e+00,1.498169920982824532e+00,1.189358616607962826e+00,1.211037365950266675e+00
-8.713755477684115291e-01,-8.392385653097106379e-01,-5.789457423036108441e-01,-6.022980218869969926e-01,-6.224683357681876084e-01,-6.415530257303095896e-01,-5.751184461122575975e-01,-2.165661527396165187e-01,-1.847991128692816065e-01,-1.445822317092695097e-01,-1.103507755291676107e-01,-5.444777896986980475e-02,2.248434947115100502e-01,2.393528220917644223e-01,3.166865255812146285e-01,3.131293277661544860e-01,3.165275190548090256e-01,4.485577144058265353e-01,4.459897406383053209e-01,4.543793565553091995e-01,4.988136198492084672e-01,4.829329158751330953e-01,6.051423937734528025e-01,6.561388631872066002e-01,5.552631590894901992e-01,5.359284144737143096e-01,5.062289596711644357e-01,6.070596002194145191e-01,6.183387472678762986e-01,5.829842659591603082e-01,6.709561949001912051e-01,6.757096593851039668e-01,1.059733951063608570e+00,1.005672257733705610e+00,1.083551837782086080e+00,1.041856029259703886e+00,9.964236003193416291e-01,1.663612335794707908e+00,1.733109718718926162e+00,1.670715569888642005e+00,1.467266904747760226e+00,1.451121209486388564e+00,1.480644126423666496e+00,1.360911268660923934e+00,1.356512084675763674e+00,1.385919541689385692e+00,1.533679927833043966e+00,1.520671154023274907e+00,1.473308395254244729e+00,1.501403374845583061e+00,1.492953360018145270e+00,1.607491477317551709e+00,1.595772069310921415e+00,1.591888911870278145e+00,1.509488337580785045e+00,1.348414025506309954e+00,1.326637775914221162e+00,1.197195133618480289e+00,1.168603537265898273e+00
-7.548910197356406560e-01,-7.580102348791650790e-01,-6.159213951475193127e-01,-6.207602433395429387e-01,-6.366440936688415597e-01,-6.432827637198131887e-01,-6.246655517225553345e-01,-2.683170489959579852e-01,-2.211002565245793472e-01,-1.939206290989678727e-01,-1.295548466170884094e-01,-4.467025597108253282e-02,2.287675705544925664e-01,2.859921267837411962e-01,3.151323869100087216e-01,3.229608665740928974e-01,3.206556456705981772e-01,4.329285291597707586e-01,4.332747284208819938e-01,4.389856144055345188e-01,4.432419709221975257e-01,4.022557510125683855e-01,4.717658828095924739e-01,6.813110248761152787e-01,6.092101744301683386e-01,5.481104554319068400e-01,4.529513574835157819e-01,5.640324147248765296e-01,5.673253518838657916e-01,6.246615523657427227e-01,7.100206863502414034e-01,7.361791274203735025e-01,1.113874868462144674e+00,1.037155110969227634e+00,9.557812546445344504e-01,9.027234888177931849e-01,1.083293771235877667e+00,1.455877427083541287e+00,1.520626638762297977e+00,1.477620323161037863e+00,1.433821356148198278e+00,1.387319114623840166e+00,1.480795009902853288e+00,1.388042260824361440e+00,1.242811356408847212e+00,1.251325072574636987e+00,1.316081967387100926e+00,1.401873360249765943e+00,1.377375032350129702e+00,1.434548592198616079e+00,1.414813053201402271e+00,1.593564481220528961e+00,1.542301114640880488e+00,1.450519725165095863e+00,1.402189568286293042e+00,1.404509946214886451e+00,1.359864959015541608e+00,1.242636656534282347e+00,1.216540511576369221e+00
-7.505415875691938687e-01,-7.566392661289542687e-01,-5.579500944685693575e-01,-5.693613911756932877e-01,-5.781274487711387522e-01,-6.587977949834077362e-01,-6.214049906510938914e-01,-2.639403028752105862e-01,-1.963932889654580738e-01,-1.673431506723937756e-01,-1.186237915103593304e-01,-5.425627674861348282e-02,2.197185031652159892e-01,2.534937296140162277e-01,2.819188833252709858e-01,2.949857832293450999e-01,2.874715046682914665e-01,3.960806832709141689e-01,3.973927056661242796e-01,4.071505757754016464e-01,4.135660608229513868e-01,3.953488779596394664e-01,4.891542418927360969e-01,7.315721186173731461e-01,6.856286908370560207e-01,6.226490797738927219e-01,4.661820343441585024e-01,5.738694844969997044e-01,5.893028461205788160e-01,6.023317568309137782e-01,6.939396671035402697e-01,7.270047333263456313e-01,1.098224813795347199e+00,1.003924770005004019e+00,1.007472073553445702e+00,9.193797278575019938e-01,1.025739767634651578e+00,1.437771268628456500e+00,1.482654451560238229e+00,1.434041422262410936e+00,1.391391278779136043e+00,1.335924374519407376e+00,1.431757954774189656e+00,1.319410296159699181e+00,1.226975605409629022e+00,1.249699786808611934e+00,1.312004767836729480e+00,1.305278797390669654e+00,1.368973908055993061e+00,1.474378075260654786e+00,1.559673571960021210e+00,1.591267753694916687e+00,1.529657397863590118e+00,1.434952649647277534e+00,1.426034902134398541e+00,1.464848250617438064e+00,1.394516813911886199e+00,9.908533235145565721e-01,9.643911143408040454e-01
-7.524500587229168147e-01,-7.523101144127348761e-01,-5.608411233442055499e-01,-5.606157975391931059e-01,-5.642177508854311352e-01,-5.685068003026191308e-01,-5.964677556887930665e-01,-2.062440397691151506e-01,-1.682223877905114351e-01,-1.649629254268029366e-01,-1.201496241916575336e-01,-6.027001603150362874e-02,2.092848311141878026e-01,2.255512017127804247e-01,2.650063217531715143e-01,2.669357605332879357e-01,3.285930198520360945e-01,4.544707741546282764e-01,4.709446840127147760e-01,4.623643909264991692e-01,4.590959313433183309e-01,4.375134343486621336e-01,5.395847212614305333e-01,6.630804096122585589e-01,6.623154146938911024e-01,6.244197953430439263e-01,5.145186620600071814e-01,6.046813909579251689e-01,6.430822984079590521e-01,6.006381730532301955e-01,6.359214968447708394e-01,6.794120824804987802e-01,1.056040519075853723e+00,1.057808557845989927e+00,1.066407673686832203e+00,1.054137430969080746e+00,1.073320329735857781e+00,1.438399346854428495e+00,1.379507977929675944e+00,1.330155978596142763e+00,1.259571704571948114e+00,1.159201110892446929e+00,1.345297447277829628e+00,1.188311731192714937e+00,1.086640459920528601e+00,1.109112466313491696e+00,1.217676779533020781e+00,1.250089307447262321e+00,1.372357977628724690e+00,1.493862353859487513e+00,1.628919411725155753e+00,1.718440509789134651e+00,1.549218381876779072e+00,1.447743282843337198e+00,1.392854607236627462e+00,1.417708097539321477e+00,1.336910721684219094e+00,9.967511713941022977e-01,9.500487183186980822e-01
-7.685216615719592248e-01,-7.685080634672957212e-01,-5.627069700757643123e-01,-5.647853661786743640e-01,-5.637313670994953396e-01,-5.540818337069501887e-01,-4.876279357424677108e-01,-2.793296862924227186e-01,-2.358537180138042810e-01,-1.826293950499309482e-01,-9.234699230396779812e-02,-5.107960945186661161e-02,2.874682390924549469e-01,3.546303939580170428e-01,4.844044905148640612e-01,4.817717836293887723e-01,4.115668489951224696e-01,5.833148853685716784e-01,5.762235313193878605e-01,6.081562045439662390e-01,5.629133832167270146e-01,5.602682327317394240e-01,7.189028822023667553e-01,7.560022430285447959e-01,7.261535088774803137e-01,7.823823661818807285e-01,6.378655031728062141e-01,7.740455190906446736e-01,8.157625415005651526e-01,8.082274080151827800e-01,7.881897135822133471e-01,8.063305571971504104e-01,1.089186922278361003e+00,1.103144381468251556e+00,1.237785127085980319e+00,1.438716382093105262e+00,1.147642145195298058e+00,1.334184689050536221e+00,1.238252133254642340e+00,1.178517138815632359e+00,1.056721504556243252e+00,1.093263400875687852e+00,1.207347618345852247e+00,1.085010489592249883e+00,1.141677598643339397e+00,1.016876659114358539e+00,1.110893094641610013e+00,1.124708242057062435e+00,1.206084586623814348e+00,1.361770382945940439e+00,1.502544134838483370e+00,1.643995761397063271e+00,1.517594864970236435e+00,1.435528637374749339e+00,1.342596185347829207e+00,1.249253996045609938e+00,1.173393098296666048e+00,9.619171466875111598e-01,9.416390683437225739e-01
-7.400597820428771456e-01,-7.548543515963594963e-01,-5.635068543506441818e-01,-5.883897538794815585e-01,-5.942854752088820858e-01,-5.299078738207971817e-01,-4.684271401245741484e-01,-1.864435100343215246e-01,-2.091925656217013263e-01,-1.318382915349979312e-01,-5.591085823342072797e-02,-4.272720665939748474e-02,3.390259094170542942e-01,3.751464148484912609e-01,4.941363592332705945e-01,5.012244221253606691e-01,4.237335548248100658e-01,5.960195729788116958e-01,5.792170749212128822e-01,5.953862759665908833e-01,5.380317034843302704e-01,5.311800565592680323e-01,6.945239510906580094e-01,6.998252340592967524e-01,6.869540515676086923e-01,7.286758839960260081e-01,6.293015345826292739e-01,7.834711634487763199e-01,8.145304105059444355e-01,7.735807427888955479e-01,7.583682261643103217e-01,8.240070123582136086e-01,1.105420643932869318e+00,1.172075311459392033e+00,1.198991314291265597e+00,1.354674300262902920e+00,1.113197971560683452e+00,1.357174461044236446e+00,1.236137721190271099e+00,1.178479110859903756e+00,1.088989531808095323e+00,1.001053857327543817e+00,1.096098895288780684e+00,1.009054075342501466e+00,1.074424205174698832e+00,9.579237442423117477e-01,1.059215741569721425e+00,1.074003858750424589e+00,1.124655044921295532e+00,1.274971076410043480e+00,1.389126702270322644e+00,1.600046237096916180e+00,1.465639926139137073e+00,1.357917796419076062e+00,1.255160419702511687e+00,1.205792850992669418e+00,1.123319168227743914e+00,9.101965959437500198e-01,9.640531964144731791e-01
-7.662249735597891354e-01,-7.532058679629171083e-01,-5.478461207760563223e-01,-5.776286976696698439e-01,-5.630582779193654686e-01,-4.729371030190782088e-01,-4.102200851064161102e-01,-1.284503225745320110e-01,-1.118049174032784282e-01,-4.359511071512325170e-02,-2.314518253517148377e-02,-2.113809777435150111e-02,3.199525813678137931e-01,2.868050051573439174e-01,3.788973119059574346e-01,3.665150706874318876e-01,3.674919857555422054e-01,5.858624267512270167e-01,5.772227873518439578e-01,5.338550289701594620e-01,5.793368915860120927e-01,5.556744274704660258e-01,6.851493232952664547e-01,6.577335329303013456e-01,6.673516092487098428e-01,6.328653290195433989e-01,6.275419253562568578e-01,8.206858656756486070e-01,8.057950420178459083e-01,7.372166382917003657e-01,7.624745672792390128e-01,7.532990653662411384e-01,1.010215772679871282e+00,1.083576034081245254e+00,1.116384730005447246e+00,1.233133935475123399e+00,1.069874329906176147e+00,1.352330024501793071e+00,1.291825880841821483e+00,1.335497300148699606e+00,1.233149063750407448e+00,9.914295002680265645e-01,1.063274925217052136e+00,1.027633199056945168e+00,1.102573991687072263e+00,1.005870180692027605e+00,1.123788248190226380e+00,1.161556524658610590e+00,1.292855002192824676e+00,1.143107508425816432e+00,1.198646504078758612e+00,1.523050524215991297e+00,1.500170740932857738e+00,1.428418698705163470e+00,1.346660444206648100e+00,1.342858757631410604e+00,1.263911974021323603e+00,1.031808846152646897e+00,9.708762824752472653e-01
-7.622473168323865567e-01,-7.616203927462701362e-01,-5.688187487473151949e-01,-5.801627831373773470e-01,-5.381624299938797540e-01,-4.574694629262675560e-01,-3.901734479169797210e-01,-3.813862256945177442e-02,-1.968570711930893100e-02,2.751514400221136483e-02,6.166978717330728194e-02,5.598034141959050414e-02,3.854945522235108113e-01,3.633218698484932396e-01,3.928397974811758675e-01,3.777108560812281746e-01,3.554536389371482086e-01,5.076877108366154578e-01,4.962739578542551544e-01,5.105326203077280578e-01,5.433817353415629769e-01,5.401793150305340685e-01,6.180156832418438606e-01,6.108045851109901170e-01,6.393448953433829018e-01,5.908412466218436743e-01,6.042487591554599469e-01,8.132996254607488540e-01,7.694662416699994401e-01,7.182243712198700392e-01,7.193941248369475350e-01,6.994472920060764709e-01,9.618765135967527469e-01,9.898701741523523445e-01,1.009179534028327163e+00,1.115379148071854232e+00,1.003452444055827675e+00,1.294352359884370252e+00,1.232281066344783627e+00,1.205177749690864220e+00,1.114029415731347950e+00,9.553531401499618658e-01,1.201657040602937654e+00,1.143135068152233424e+00,1.122866537197288794e+00,1.029516515364787388e+00,1.127277634804447537e+00,1.139364934816763597e+00,1.248287369708270811e+00,1.229026147083454923e+00,1.272681932408159966e+00,1.536450685199349797e+00,1.540188087335926825e+00,1.452248452601881956e+00,1.372089661305952335e+00,1.468910011289033202e+00,1.430068436714825753e+00,1.231302317525766243e+00,1.037641585529551547e+00
-8.273477789082869238e-01,-7.852243036776843654e-01,-6.488523799412613258e-01,-6.290492771153639584e-01,-5.443252253653825257e-01,-4.791883370588263524e-01,-4.021979266363726047e-01,2.636669441203787559e-02,8.086356526693053159e-02,5.143569694781199159e-02,8.765791523635117766e-02,6.712403438875463868e-02,3.774563499642735742e-01,3.551167395038593022e-01,3.604137117918164157e-01,3.469200785488069649e-01,3.217443403950717706e-01,4.828233243232476490e-01,4.551063042549180482e-01,4.776939483309636802e-01,5.386939659698626315e-01,5.132546831411506361e-01,5.605637425465856971e-01,5.521173393338807411e-01,6.108270000540689804e-01,5.842331970807889130e-01,6.918652299775071013e-01,8.302691284255894200e-01,7.851300637383197278e-01,7.185947209641789790e-01,6.583354214314359742e-01,6.345168192098555870e-01,8.839869172200434111e-01,9.035619821040072885e-01,9.425555345151914732e-01,1.067837767837396479e+00,1.042038200546469895e+00,1.272450814953877130e+00,1.199575288657775074e+00,1.192584923211209125e+00,1.186987958512825125e+00,1.011798140499974963e+00,1.244510125609872508e+00,1.262727489954465376e+00,1.151534650962189099e+00,1.062922805065507958e+00,1.138304296410871608e+00,1.253377039083714894e+00,1.350494743115318030e+00,1.333305931014364676e+00,1.349782921330803909e+00,1.450326104265313276e+00,1.499459229570584418e+00,1.443671059359129094e+00,1.357019873785870079e+00,1.394596400474162001e+00,1.413402952083425479e+00,1.242107040806424090e+00,1.101708102396345312e+00
-8.258343751253859333e-01,-8.071143238066377235e-01,-6.135157868229539346e-01,-5.563313364155668683e-01,-5.285374063034348202e-01,-5.423205686535628178e-01,-4.416733668887929398e-01,2.516193768968861405e-02,1.002452459611367502e-01,7.640444660795128740e-02,5.580269824365618331e-02,4.905529592951396456e-02,4.532966009714095579e-01,3.895984314153940753e-01,3.673896721794981945e-01,3.241502928712621245e-01,3.143843796428499315e-01,6.638110519133779697e-01,6.502023566921812936e-01,5.717487903582954001e-01,6.449474146841884803e-01,5.986170860386381687e-01,8.273486340859218524e-01,8.922331637170605179e-01,8.947110106806190899e-01,7.965643000545344909e-01,1.001715410834615350e+00,1.163663719842419342e+00,1.121507567616709666e+00,1.161526180006073217e+00,1.019710583046411267e+00,9.857340398355308730e-01,1.168190628141573484e+00,1.278689663194082060e+00,1.315949487815931906e+00,1.410703669089012458e+00,1.386277571147946919e+00,1.487207525168997346e+00,1.440649532147651124e+00,1.325240118886105600e+00,1.300821674768531722e+00,1.191294941890434833e+00,1.178222256558636882e+00,1.150940275248304001e+00,1.147131193222634904e+00,1.149535305484818526e+00,1.230416975082104347e+00,1.205389053220293993e+00,1.320322113173577172e+00,1.244091004501778119e+00,1.277144486474223628e+00,1.425000027192281360e+00,1.426229768942212539e+00,1.436593092311757802e+00,1.345887677727843235e+00,1.257308267986999128e+00,1.264982231487137732e+00,1.068944764812596704e+00,1.198788897493634042e+00
-8.045628148965450199e-01,-7.876750131727288107e-01,-5.667793409010861705e-01,-5.060173893015056379e-01,-4.649533693258966482e-01,-5.074717584557555394e-01,-4.391264147908486848e-01,-4.678639967896564694e-02,1.473110331020026018e-02,2.560649796186197785e-02,1.348397778444804067e-02,4.614531829137179936e-02,4.445989806375197362e-01,3.731537762246330270e-01,2.881672274197987216e-01,2.681179584904085922e-01,2.876109352895521720e-01,6.204786583858905580e-01,6.130138155054239979e-01,5.472752062548723595e-01,5.721383219438201939e-01,5.463128197184599077e-01,7.244105623998273735e-01,7.427334403140952723e-01,8.024528434701625468e-01,6.568483616566250793e-01,9.202704512557745575e-01,1.114978262677035925e+00,1.112845620152443704e+00,1.061198339022727977e+00,1.036065671945850308e+00,1.027354890984772506e+00,1.215266452128151098e+00,1.341110535778593071e+00,1.297417263906734508e+00,1.265059787321495710e+00,1.273321898138503050e+00,1.392921829653777088e+00,1.386423298082101629e+00,1.326864196747214342e+00,1.285033242926016284e+00,1.236568175748044673e+00,1.097186074534459488e+00,1.083708517088015633e+00,1.118027145476403250e+00,1.160571854593622332e+00,1.172307071831759862e+00,1.175046227484711991e+00,1.241803883877116599e+00,1.229965307584046652e+00,1.280009843285105697e+00,1.450772674761181547e+00,1.408550527329786917e+00,1.410566224699844051e+00,1.340677684877048748e+00,1.249302118195653399e+00,1.253129720122935664e+00,1.010165033491234876e+00,9.961569160765225694e-01
-7.590464030817133390e-01,-7.432705222708284598e-01,-4.999223518175166525e-01,-4.852772421100649547e-01,-4.790717487860229884e-01,-5.074947997925293164e-01,-4.727977753968845565e-01,-1.468633691114885897e-01,-7.705227332946465446e-02,-4.180953946049281722e-02,-5.946853929033323743e-02,-6.616732052861046265e-02,2.957684807290805740e-01,2.659093955222551209e-01,2.299400328637893620e-01,2.482345559567751270e-01,2.478104177241841066e-01,5.411548939574555295e-01,5.132717327680992314e-01,4.891171416322715459e-01,5.172477357727370828e-01,5.074996637627232632e-01,8.194137537176301445e-01,6.982051029877163195e-01,7.007192430989761522e-01,5.722414639425492666e-01,5.554848450442947394e-01,8.182491181524009782e-01,9.521935362676252623e-01,1.053636760820222618e+00,1.030548727734386549e+00,1.081565313673421347e+00,1.296347626940151709e+00,1.294483634718272436e+00,1.310459229821547167e+00,1.227180518110437157e+00,1.190032459899724060e+00,1.318478064179691378e+00,1.344377458236209355e+00,1.361333591104267882e+00,1.299097314716155083e+00,1.173438407070796607e+00,1.072499852088019123e+00,1.077545538466571307e+00,1.025013121129587201e+00,1.073335549395034949e+00,1.069244798620537562e+00,1.110892169817730091e+00,1.140371000356026787e+00,1.285383160770484867e+00,1.276645831078828008e+00,1.304999922152215719e+00,1.422659581300344867e+00,1.421073134323390885e+00,1.332220876538040555e+00,1.274361414684274996e+00,1.275772745713317224e+00,9.541904104015496157e-01,8.907227562332828974e-01
-7.240742050731993062e-01,-7.179408992236179232e-01,-4.596674329925293789e-01,-4.725674991505751654e-01,-4.796668659441437610e-01,-5.372204478068529632e-01,-5.031772561734597637e-01,-2.376992904441079801e-01,-1.473888849983814031e-01,-2.123158411142616608e-01,-1.278014948316779642e-01,-1.348877140545438058e-01,2.173124490963051492e-01,1.850083873682975555e-01,1.828443336012521292e-01,2.005195351041957341e-01,2.015926641831590482e-01,4.928599177649671814e-01,4.620488264454977179e-01,4.531953315018066308e-01,4.568909562812621394e-01,4.313156352941849292e-01,7.100048771629909883e-01,6.363980795511122723e-01,5.291055677136613511e-01,1.778710272779541468e-01,1.672039208295463542e-01,5.723589018832945241e-01,8.916591616443255708e-01,9.975852256357619074e-01,1.021079123233003205e+00,1.039594770720181804e+00,1.232510035093495659e+00,1.232697638016884145e+00,1.254053405876583760e+00,1.196035667511347267e+00,1.242837613867027846e+00,1.436422672368713682e+00,1.387896174641017888e+00,1.383342067058890734e+00,1.349156579428034464e+00,1.281696727632356536e+00,1.145786076890362049e+00,1.108319106890569783e+00,1.082917247568032648e+00,1.101245025993278226e+00,1.126557291043300602e+00,1.132758514027446761e+00,1.164807197163053365e+00,1.302301675845735307e+00,1.291858774763035678e+00,1.345116631262859519e+00,1.344164820387755199e+00,1.416531838753408046e+00,1.382181850495246778e+00,1.326438903843483619e+00,1.309882802199572760e+00,8.853531142241688467e-01,8.534671583596742384e-01
-6.883602753434571175e-01,-6.802167017971849639e-01,-4.396445816094274317e-01,-4.756041898969576853e-01,-5.342262537500991337e-01,-5.285710378946828492e-01,-4.716560408745802402e-01,-2.350499458308398237e-01,-3.101911566846922708e-01,-2.641245866807080400e-01,-1.959269014193072700e-01,-2.026471150977904589e-01,1.298980308033299003e-01,1.524927631366737868e-01,1.675902657264496665e-01,1.786545802878392875e-01,1.924093268607696416e-01,4.180184048223597459e-01,4.023524693039580158e-01,3.710081213886531337e-01,3.879035913249037071e-01,3.864763576725482874e-01,6.113397656359984556e-01,4.914111669911843117e-01,2.357167865175545385e-01,-2.676296120239401999e-01,2.420101630091586742e-02,6.516678171032568301e-01,1.148916988501989422e+00,1.051964090172214705e+00,9.881690914507255119e-01,1.014352821950848194e+00,1.173521607398991584e+00,1.145606057211785211e+00,1.141404306958000214e+00,1.171621420814072057e+00,1.276122673040697597e+00,1.521927838030738389e+00,1.490699010808905989e+00,1.451677799788946732e+00,1.404214411744890034e+00,1.263886687437264289e+00,1.180891922424716300e+00,1.039644689123511156e+00,1.027263094691240219e+00,1.031506253838322618e+00,1.069399520515420532e+00,9.706884788434709810e-01,1.003271547690404830e+00,1.123341691575479917e+00,1.169808680438181536e+00,1.253401271660461003e+00,1.277434002697024340e+00,1.374020985601970946e+00,1.344805421955480584e+00,1.283442505013941748e+00,1.262776332141240410e+00,9.068484057321845038e-01,8.383265153910568479e-01
