8.353631620885816345e-01,8.727979629250331994e-01,8.356352984248283100e-01,9.044845659556249862e-01,8.780648137833766409e-01,7.936864351059478295e-01,7.607800292045087120e-01,7.904755823991020947e-01,8.095027745596932167e-01,7.429310581439119154e-01,4.775152913057491011e-01,5.772185590766301111e-01,4.310264138318583016e-01,5.458759630791818473e-01,2.596924810947772722e-01,1.389884577508276597e-01,1.697714429943701364e-01,3.367389126205302952e-01,4.011331892611131877e-01,3.043656798212900361e-01,4.898233975648915717e-01,4.140208684343135714e-01,2.356406193493488510e-01,1.285122460904168096e-01,1.453152761553682115e-01,2.562132638793314654e-01,2.035353970197115447e-01,1.923992936907624740e-01,2.070622521857901355e-01,3.347746923683712073e-01,2.951657288115577260e-01,2.619357171167358000e-01,1.274497493279613466e-02,-1.091366912634036818e-01,-1.773258457847482761e-01,-8.200744165545142961e-02,1.138834431189806283e-02,3.232399135630760478e-02,3.255102050778639622e-02,6.581832825247486973e-02,1.497045876879525006e-01,9.283627515923845164e-02,4.687096743640707143e-03,-8.168706160606538369e-02,1.572282450430536049e-01,2.838508339395267033e-01,3.984756500919874322e-01,4.170778664578129735e-01,4.467770767356290529e-01,3.600655778217816683e-01,2.968168632805943674e-01,4.015099903809801751e-01,3.390859968523657897e-01,3.539515761641517377e-01,3.738817722291873924e-01,3.623162918243660879e-01,3.162086176481891386e-01,2.845352253433836576e-01,3.197619944494861643e-01
6.599290137160620517e-01,7.149361848408349873e-01,7.636957563921106251e-01,7.638105318954675482e-01,7.178745182267580738e-01,6.856138649101279903e-01,6.138998201095041685e-01,6.497279338143537863e-01,6.504784084000367894e-01,7.791821853741585091e-01,5.486981533196745309e-01,5.631384405566633999e-01,3.948905199333633820e-01,4.952966043077459135e-01,2.282486306115668884e-01,6.636778196923756590e-02,4.066439024388183304e-02,1.904141376235019834e-01,3.603971301569912078e-01,3.234291513083315528e-01,4.201054603130421339e-01,2.954532488234414278e-01,1.859379919013669780e-01,1.783115230092230108e-01,1.820774616105299559e-01,2.099186900571509973e-01,7.156735469798293503e-02,8.194066323805153373e-02,1.859275202846608355e-01,1.745664988822036578e-01,2.273075229562666333e-01,2.417326891918808174e-01,2.212135609177728890e-02,3.133708298419733695e-02,-1.207561232852928240e-01,1.590632522328377582e-02,-1.818151922561028408e-02,6.626384687029793219e-02,3.327424713459028321e-02,3.492856657188161962e-02,8.330029395644664159e-02,7.541384204270210057e-02,1.215999194285498526e-02,-1.381213455845179544e-02,1.408844546106226558e-01,2.498329888932541987e-01,3.474690447344188082e-01,4.190687523627984468e-01,4.486942710202151963e-01,3.651637739597659582e-01,3.882109113779680931e-01,4.436991223363672687e-01,4.636239844728871629e-01,5.163088147422554286e-01,4.775493281669171974e-01,4.525102706479242620e-01,4.002776318965890479e-01,3.795564952669151504e-01,3.585285915715553107e-01
7.757720215211854065e-01,6.467924282256102275e-01,6.789788164000993831e-01,4.091837795592168647e-01,4.540232611418198450e-01,3.425930263506828388e-01,2.425047085584212947e-01,-4.585805330575307703e-01,-2.110443305835574546e-01,1.239523953705984338e-01,-2.045116612970314662e-01,2.413385085082686010e-01,1.619254883797451583e-01,3.112678582673873984e-01,1.663502865884624038e-01,8.719742361573194767e-02,3.340018200751623811e-01,9.499736669653928434e-02,1.688986499047597512e-01,2.071653854372113024e-01,1.586057300793685121e-01,3.567863558131273427e-02,8.840080860351669234e-02,-3.315114270123119961e-02,-1.024225026771724695e-01,-1.716212410128345189e-01,-1.219855171728263660e-01,-3.422047898059910054e-02,1.277462671373004455e-01,8.290849054270474361e-02,9.270650488727955052e-02,7.112865215217996362e-02,4.117651852137817897e-02,5.074965246030677807e-02,-8.642873641775513510e-03,-2.104701331211136089e-02,-6.701185193285758013e-02,1.321786235321061390e-03,5.170414079904745060e-03,7.548154901460209232e-02,5.449314978832832390e-02,1.661374773275705596e-01,1.917259596641279207e-01,1.809093836606489591e-01,1.898595560736085208e-01,1.459666244842219296e-01,3.571825815704613993e-01,3.576062943894982582e-01,4.311620456160560888e-01,2.801787022725724108e-01,2.964751254198556008e-01,4.582204142991767593e-01,4.631741802853113765e-01,5.538507500902294378e-01,5.280875380103420280e-01,5.171783367476243676e-01,4.380335269131585552e-01,3.958822301807380928e-01,4.279790300040288153e-01
5.640524141611426012e-01,6.634781688124982701e-02,3.578523200021822004e-01,3.286965622270575094e-01,-2.062389886026238517e-01,-1.427355823467106322e-01,1.560571677205584151e-01,8.004282751398547613e-02,5.817276512180624692e-02,5.159488452841287653e-01,3.263899532662014602e-01,3.242295622772062985e-02,-7.732172274940311840e-02,3.062576141198268265e-01,5.445563989413141348e-01,5.471312865802749892e-01,5.719840915139987603e-01,1.483221047970375850e-01,-5.865204078993260101e-02,-9.414427828190968447e-03,9.137885031976404615e-02,-3.378011224557515152e-02,-2.714329861138042865e-01,-3.684995168604274784e-01,-2.877668306837100620e-01,-2.972207084809521116e-01,-2.823255410087406325e-01,-3.073852213577644710e-01,-2.602801728863965436e-01,-2.264036960238993701e-01,-1.171923334357036217e-01,-1.036212727197054206e-01,-8.815547806483657600e-02,-2.408164024954745006e-02,-1.487976721958511883e-01,-1.960179886475209021e-01,-1.431142144788572768e-01,-1.597922967989927334e-01,-8.001121131232720451e-02,5.251276764821357496e-02,1.207992228178356720e-01,2.659697731682446054e-01,3.694926637276044756e-01,3.700475385970818376e-01,3.347277453293477922e-01,2.431560209551523744e-01,2.711851160475595712e-01,3.535985070716074485e-01,4.362333500881463433e-01,3.743764883733420312e-01,4.062226882812609574e-01,4.548919268980946007e-01,4.011553710669006345e-01,4.852176612357901320e-01,5.603698281909342827e-01,5.450453502180200305e-01,4.728566961160099447e-01,2.806763888737624502e-01,3.122542213799583410e-01
4.533197239539899503e-01,-1.548718326782250014e-02,2.129667171576718754e-01,2.301785032156317412e-01,-2.596363179897618889e-01,-1.876776522025168925e-01,1.917258739866340433e-01,2.072706694974455616e-02,1.547947905984980478e-02,4.835294892863071237e-01,2.782040565923695752e-01,-1.297111267980618869e-02,-8.929264998633872075e-02,3.012495724230888072e-01,5.282349367835472709e-01,5.795437388820746660e-01,6.550764561237651940e-01,4.428209594981034614e-01,3.470811092051321323e-01,7.854106202976147630e-03,4.359330394977802003e-02,-1.698510713867706634e-01,-2.650640204239002040e-01,-3.313068379757861948e-01,-3.877384288674611268e-01,-3.772299439578985503e-01,-3.680282293382622916e-01,-2.945094732560799011e-01,-2.762243769392728199e-01,-2.815481843577740118e-01,-1.693801404513198550e-01,-1.033121984655634290e-01,-1.017871959748015837e-01,-1.398209687273357406e-02,-1.038535813801899355e-01,-1.602806740888775283e-01,-6.119509569151012490e-02,-6.138843534011067388e-02,-1.139921219592194557e-01,1.400115309439713650e-02,8.423518552408483517e-02,3.180358807242027464e-01,4.405614524487258543e-01,5.424083200537276328e-01,3.189348967794334300e-01,1.527135823099665946e-01,2.417323972755945627e-01,3.013744192642011099e-01,3.400513727367428518e-01,2.382534356266282627e-01,3.138406703609247228e-01,3.392695539756342971e-01,2.707485234656599737e-01,4.171589228046235220e-01,5.511160022354173460e-01,3.814437608843804228e-01,3.280820402529225355e-01,2.823178296142924704e-01,3.224769373547566875e-01
3.750633428007847658e-02,-3.601629806429625102e-02,3.007141139320884116e-01,-8.853097714136193286e-02,-2.527844645099993626e-01,-2.508601995438661247e-01,3.051998785475436016e-01,-1.601304464434194844e-02,9.177844935901692189e-03,1.829957368703900022e-01,3.959459555702346534e-01,-1.777047892462454981e-01,-2.716271460154005557e-01,3.658108470388064526e-01,4.115329045437403077e-01,4.757188452974913662e-01,6.704079564573378613e-01,5.632576997152425324e-01,5.746136760752651451e-01,4.054379062478113416e-01,1.809627297978343430e-01,-6.996408094507929054e-02,-2.980993953742292479e-01,-4.120353274894095752e-01,-4.685741189291840469e-01,-5.156070528904452832e-01,-3.924153639911091562e-01,-3.646967663254872538e-01,-3.258719347713004422e-01,-2.853463333271729629e-01,-1.910942361672737788e-01,-1.298931746407133714e-01,-4.479200720304434002e-02,-9.267335343855429008e-02,-9.332102726267771375e-02,-7.018807197981134782e-02,-7.770160813519820520e-02,-2.944578475625550182e-02,-3.293246727922273520e-02,9.252869391830652324e-02,1.341541199121317196e-01,3.138592792286022948e-01,4.549786137082754700e-01,4.037895301554979000e-01,3.005366025456207013e-01,2.570789702954799916e-01,2.952283397483269067e-01,3.557976102215377745e-01,3.169379415383121734e-01,2.374910714993917760e-01,3.126433885245245570e-01,3.467796633486158742e-01,2.549405617221040532e-01,3.768795792812490997e-01,4.578644807635998126e-01,3.807097714114073828e-01,3.244502106840226885e-01,2.711893439409377993e-01,2.867704897050784019e-01
-3.226451017869066407e-01,-4.839877066836572039e-01,-3.302262272843791702e-01,-3.956468536110108181e-01,-2.835682015048402449e-01,-2.996207394023863713e-01,-1.402542335904077564e-01,7.551605970659903966e-02,8.760555152063277673e-02,5.658110663875803859e-01,7.592623977026036197e-01,5.831803242390746211e-01,4.292910342899722287e-01,3.941244499423027792e-01,3.167513206667889603e-01,3.513923737538233172e-01,6.085756268299017391e-01,5.342317707564701035e-01,5.270742475279508454e-01,3.988729304261677822e-01,1.699827034690651606e-01,-7.136792387128272630e-02,-3.293945155050594376e-01,-5.394607676724728629e-01,-5.970868981458238300e-01,-5.412201381961960767e-01,-4.886666382994547253e-01,-4.165464378492066966e-01,-3.342150669123988838e-01,-2.164552883180787535e-01,-1.462684038118051699e-01,-1.040811408206791938e-01,-6.923143255575157917e-02,-7.819155087450778419e-02,-5.088385027594300586e-02,-1.263965326380607213e-01,-7.671175781885507250e-02,4.202691224805577691e-02,1.536392415101343889e-01,1.545061246050554171e-01,2.091881389228025245e-01,3.130124388629480503e-01,5.244695479974531560e-01,4.057892121023012888e-01,2.172608202739208794e-01,4.395606387642619350e-01,3.979704061879853483e-01,4.075036598092227069e-01,3.424315576138148298e-01,1.604724967565914484e-01,3.183068378134562559e-01,3.615716715784784707e-01,3.003553353646638002e-01,3.841697655087645269e-01,4.019786768280284583e-01,3.503845481592970379e-01,3.294363584879620999e-01,2.774768176848954049e-01,2.763137916549208151e-01
-3.683951378613591898e-01,-5.110675511171554053e-01,-3.827245062501137274e-01,-4.194056927428209680e-01,-3.339002133149633345e-01,-3.093878946167080146e-01,-1.944018049962744077e-01,-1.497219886027107089e-03,-1.787092905802507500e-02,5.140362406430047937e-01,7.283577701795160841e-01,5.563805154409440235e-01,4.042029548606348444e-01,3.667981808592730153e-01,2.837328313899277754e-01,3.222499529850469391e-01,5.330612428075605091e-01,4.384099951440421084e-01,3.987724304523158070e-01,2.496764118585458880e-01,-1.806416569051095058e-02,-1.951823889253903599e-01,-4.017611661510579468e-01,-5.590895320957920411e-01,-5.675354148559161871e-01,-5.948469024676146244e-01,-5.680319639330380088e-01,-4.745448644316236919e-01,-3.653475955687113252e-01,-2.480488997105404769e-01,-1.988374011449926815e-01,-2.272038365141466343e-01,-1.682740829598048660e-01,-1.077278577708605384e-01,-7.029832328138885256e-02,-9.077033856980012971e-02,-4.081877563560094846e-02,8.141697232484915170e-02,1.526864639564026738e-01,1.510784231587291304e-01,2.325759143798603601e-01,3.325817888971508429e-01,4.943268641579450229e-01,5.486881526023232869e-01,4.603354607518732045e-01,4.970173411701676591e-01,5.252011835221346292e-01,4.729807229695097703e-01,4.644819465067225872e-01,2.901931361165949741e-01,3.446030273420344070e-01,3.682658824761529948e-01,3.436275243731940487e-01,4.467792327211448922e-01,4.461553493325406405e-01,4.169221305321824111e-01,3.819872471094570843e-01,2.359647925175049621e-01,2.148051228822486503e-01
-3.669547528883286835e-01,-5.158708260499589304e-01,-4.044302976581038434e-01,6.885664318588136448e-03,5.106129606696009349e-01,5.297457868766634048e-01,2.042717435243202317e-01,2.640850463903675598e-03,5.450497698681267683e-02,-2.813746811834400563e-01,3.524949269913852934e-01,4.262654835307559953e-01,3.299265312865699018e-01,1.752627462460998042e-01,1.505903346601529524e-01,2.235762652754261781e-01,3.168574185778683105e-01,2.395055549450878507e-01,1.528377002564052511e-01,-1.834751656043507317e-01,-4.379680404109537739e-01,-4.913114568481039557e-01,-4.337321208480576784e-01,-5.317981885599971648e-01,-5.426503430022850960e-01,-5.660130983234300528e-01,-5.145022752742930416e-01,-3.956136688561212589e-01,-3.145093909952074163e-01,-1.737725379218346966e-01,-1.442437560551799725e-01,-1.250342148476730475e-01,-2.055014649161592544e-01,-1.789978807288149232e-01,-8.080913369145660552e-02,-1.168774871603909804e-01,-1.093876332433756648e-01,-7.035564095139142451e-03,1.168397457918287502e-01,2.043423797441639711e-01,2.733540849126312455e-01,3.307231862482053475e-01,4.368936131488297958e-01,5.245709546027125247e-01,4.610094725092416246e-01,4.279070518586297611e-01,5.182079976519711195e-01,4.635426753104550102e-01,4.032385853933209696e-01,3.725761269815555665e-01,3.817141026328665920e-01,3.247913524267319607e-01,3.162952617169260128e-01,3.730958740126655293e-01,4.367589758429540892e-01,3.986828240601592022e-01,3.449754602489019106e-01,2.887774604987573546e-01,2.388031461421759594e-01
-4.373976412853445850e-01,-4.480430603815849233e-01,-2.951166098000267968e-01,-3.638255539690388729e-01,-4.025021609009116208e-02,-2.004536275985520713e-02,3.717350173182589201e-01,-5.815543685677911079e-02,-9.353047929532722071e-02,-2.976563422477177534e-01,3.780420756196890136e-02,3.840944808897051727e-02,-5.512932876471923066e-02,1.139670924952415274e-02,-5.768347607681889588e-02,-5.922053805714102247e-03,5.242549903360799873e-02,-1.894496708498256618e-02,-1.409643708458629963e-01,-3.822632331188505761e-01,-5.574289092763267117e-01,-5.704959761125016904e-01,-5.196590454178505736e-01,-5.338017928037747106e-01,-5.381366314422290076e-01,-5.210129271816510421e-01,-4.822447544659566598e-01,-3.708585961759127692e-01,-2.959568196419737895e-01,-2.507995673854180874e-01,-2.429787725537308485e-01,-1.644102873793633068e-01,-1.742111324175918963e-01,-1.223611559251030351e-01,-5.820030171901525995e-02,-6.534075162503982792e-02,-6.804270731145775630e-02,1.330756695342372176e-02,5.292540522875718856e-02,1.682296823126309959e-01,2.455892824107268890e-01,3.220722782341423618e-01,4.833416005391800163e-01,4.779318795691472332e-01,5.388884119401043948e-01,4.025685526519101609e-01,4.716401741100657019e-01,3.884055935292828887e-01,3.302906114663814452e-01,3.050608068453972144e-01,4.536336724936325671e-01,4.709919513387885726e-01,4.654228086992882041e-01,4.669496861110777886e-01,4.238065765788454620e-01,3.905256365692493237e-01,3.651827164770374279e-01,2.843758970371993988e-01,2.282341396905468445e-01
-4.129792731379969828e-01,-4.437624074084979831e-01,-2.685399483783669217e-01,-3.483469833726352549e-01,-4.071183737940167052e-02,-1.801793721276689214e-02,3.507489774104937674e-01,-1.156991066866304707e-01,-6.643407516824910430e-02,-3.066191384493146543e-01,1.054049171557044050e-02,1.194018786607510020e-02,-9.263402427655670346e-02,-3.919169459502972602e-02,-1.264616382280513429e-01,-1.877352863491644763e-01,-1.430173343831982469e-01,-2.852248748724928173e-01,-3.739790751776462807e-01,-5.013624612892503274e-01,-5.798734775270235620e-01,-5.788368667294079284e-01,-5.421676365461187697e-01,-5.569223063690802444e-01,-5.817885848011531413e-01,-5.732507814329618201e-01,-4.858832067387474640e-01,-3.364254766068942026e-01,-3.362501685217114122e-01,-3.187872031939251727e-01,-2.084531525789896089e-01,-2.684775659870485276e-01,-2.018596925361330896e-01,-1.714899283516629347e-01,-1.490600031226662903e-01,-1.255932523725732108e-01,-9.992499944360733188e-02,2.909730333930590426e-02,6.017794157844257030e-02,1.584366028465896137e-01,2.515797316125219507e-01,3.345450211928048256e-01,3.850258998712292602e-01,2.954662383508249723e-01,3.608738435038063574e-01,2.590070459070978881e-01,4.179032199874623821e-01,2.866422747714523767e-01,2.952644662480672921e-01,2.670095025307896441e-01,4.451172685736843881e-01,4.554799485941469772e-01,4.531036777219685785e-01,4.928736899594308163e-01,4.025777139318078013e-01,3.618837835495685717e-01,3.389523090897828550e-01,3.387250732821185939e-01,2.720426889639060430e-01
-4.674005846266889863e-01,-6.658920418134077757e-01,-6.061496207690345583e-01,-5.191145618297307029e-01,-3.347940954032819771e-01,-3.224218019928739021e-01,1.058879072433503189e-03,5.552454316139181500e-01,5.534095304461649212e-01,3.062299141587174756e-01,2.831111953083064181e-01,8.426978193163058017e-02,-4.832350847782686948e-02,-2.792212751373913671e-01,-2.256633952108910435e-01,-3.178164653158684350e-01,-2.682093559234405289e-01,-5.006484003052029674e-01,-5.168181363242074777e-01,-5.870330742160688731e-01,-5.939296534195864785e-01,-5.727437496182673504e-01,-5.587426620071432870e-01,-5.546361638071624078e-01,-5.618753720490397008e-01,-5.527392721411769072e-01,-5.085076462760205196e-01,-4.300933678395953974e-01,-4.358572837684271395e-01,-3.880529726359334686e-01,-2.728025647383816588e-01,-2.754099346844248730e-01,-2.471003319958190447e-01,-2.932477509870884402e-01,-2.892945850015143927e-01,-1.562313225685579288e-01,-1.465185142714374167e-01,-4.534524020061381916e-02,-3.583897464803202822e-03,3.600625469809853180e-02,1.633946242204442900e-01,9.979170032657146139e-02,9.190863013103738044e-02,6.026330750743827402e-02,1.559144212791248041e-01,2.730501717035394571e-01,3.191235651231525416e-01,2.953697426029457951e-01,3.347638365093129065e-01,1.509076850913229351e-01,2.502245566202366267e-01,4.381561554324303054e-01,4.581311265271896249e-01,4.149593859741743662e-01,3.899344793309031942e-01,3.620498584653597529e-01,3.488903044711959001e-01,3.117285078321550551e-01,2.469512733381291902e-01
9.170491787812683204e-02,-3.158469311085234654e-01,-7.747109851221622989e-02,-2.443280146378020204e-04,1.473971004663351125e-01,1.449022676276585930e-01,2.141077340773564763e-01,-1.269330904281706640e-01,-1.451633231057108397e-01,6.713526650372394870e-03,8.957748716875649220e-02,1.566787821923617818e-01,-1.653767705583846295e-02,-1.323357462919310390e-01,-2.601357424585201694e-01,-3.035593921741645551e-01,-2.650663293108004859e-01,-5.546985851932622058e-01,-5.641788074251236074e-01,-6.515610890771197372e-01,-5.526293758536403589e-01,-5.422063093316501492e-01,-5.197795760375417684e-01,-5.251332299287725380e-01,-5.429008387867341190e-01,-5.354412919790251246e-01,-5.354120814812373119e-01,-4.591404701076774453e-01,-4.548242774619596362e-01,-4.035202579529295064e-01,-3.531881734147222507e-01,-3.461206909676639576e-01,-2.990209595055481340e-01,-2.373288546223200624e-01,-2.166893815275794943e-01,-2.318168785519914843e-01,-3.758605466499678749e-01,-1.960652795361581824e-01,-6.066595811559249291e-02,-1.904298193819678811e-02,5.180490239636400185e-04,-1.262890616520680465e-01,8.214047330436116331e-03,6.872667396199387546e-02,1.865700193749188218e-01,7.418816653790698268e-02,2.003051747606655331e-01,1.763413430780225166e-01,2.394497972977148725e-01,1.586468785904489587e-01,1.665233319902655051e-01,3.070273002350717428e-01,2.732802545121628124e-01,2.932629707025462551e-01,4.143791852690347222e-01,3.493568737663050872e-01,3.291402370242368924e-01,2.485477359619610027e-01,2.136137882668187882e-01
9.881601129025302521e-02,5.860822902259342493e-02,2.563459420021919066e-01,2.681875455397245700e-01,1.275569786314758869e-01,8.909028800650109492e-02,-4.382803131246197359e-01,-2.254190435465153186e-01,-2.222451941213968718e-01,-3.232526957170281934e-01,-2.804514498616547669e-01,-1.208048789236065845e-01,-2.392757714654019929e-01,-3.107285437732939526e-01,-4.370301721653610527e-01,-4.941177959400075426e-01,-5.015933096936276980e-01,-6.010028363741076740e-01,-5.882704892545987940e-01,-6.452869609508476989e-01,-5.725070073410726268e-01,-5.576990164547905859e-01,-5.261307919982975978e-01,-5.186728310433668110e-01,-5.555929806334166665e-01,-5.714498727651388110e-01,-5.824543463075423366e-01,-5.166386619668328350e-01,-4.852826833976729981e-01,-4.598939056923120883e-01,-4.824804376123064675e-01,-5.049773523465298508e-01,-3.939333134679452453e-01,-3.749302156078155313e-01,-3.026951577808301708e-01,-3.554762733905127425e-01,-4.790052376837903858e-01,-3.879581401068226132e-01,-2.490565903336234843e-01,-1.618571315756938134e-01,-2.100939072143208908e-01,-2.577979569449502795e-01,-1.389791883144051721e-01,-1.043205445175088425e-01,-6.374809597835018327e-02,-6.634213928419215034e-02,9.280912756021991727e-02,6.930394602203020227e-02,4.126100100594281422e-02,9.136177619359205082e-02,1.182247053829436900e-01,1.555086394336680500e-01,1.995663171641895717e-01,2.522474063373048025e-01,3.754356523022465697e-01,3.496650021983142564e-01,3.564666468702243907e-01,2.813460779125076527e-01,2.127272613919215238e-01
1.214812571714429940e-01,3.272216938606421072e-02,2.827873385305201825e-01,2.992305812681549382e-01,2.017909498555009451e-01,1.633441638453445033e-01,-4.193780484972185474e-01,-1.944187468822570486e-01,-1.700964223236386963e-01,-2.949143886810320359e-01,-2.464303473794008104e-01,-1.723798134904365176e-01,-2.613152437355402702e-01,-3.066070345648584938e-01,-3.983149507107358045e-01,-4.593752414728149991e-01,-4.971562056092226900e-01,-5.792352902280046845e-01,-5.956039907813082124e-01,-6.412015266498454213e-01,-5.666834871159022180e-01,-5.768577184937857538e-01,-5.530400316305471575e-01,-5.600556996106886842e-01,-5.767925715655286556e-01,-5.913156367016634274e-01,-5.921253450981320832e-01,-5.005018365430563554e-01,-4.555735302065127001e-01,-4.710405237462754746e-01,-4.978897019226382059e-01,-5.159299100303036401e-01,-4.536884136553464564e-01,-4.386078495638304209e-01,-2.902943404613413936e-01,-3.892245623509678620e-01,-3.886256376831723203e-01,-3.607581245631285016e-01,-4.022451577936549394e-01,-3.326247123071042200e-01,-3.584551784422884135e-01,-2.899596711886332501e-01,-1.300200740736408012e-01,-8.971870784414945343e-02,3.244192335328451027e-02,-7.028663207510445210e-02,-1.375445018958076221e-02,-3.888502017379420056e-02,1.790968944490869130e-01,2.303089528475626424e-01,1.620939017125556381e-01,1.777452544381293298e-01,1.830351140434580415e-01,2.077499174228396306e-01,3.044083830732726703e-01,2.899935702444418339e-01,2.693733735564272647e-01,2.974596250451606028e-01,3.408449858363366003e-01
5.335471445697662768e-02,1.028976417119625703e-01,3.500613051615865667e-01,3.777086568044155102e-01,3.782404352973585682e-01,3.409209376345310183e-01,4.616383067757890563e-02,1.928997743453018110e-01,3.018839764779776558e-01,8.862809102217159007e-02,4.906249196160467757e-02,-1.372473320828832555e-01,-2.172795551514887513e-01,-3.365056495064570607e-01,-4.131447034210244951e-01,-4.681684285798826672e-01,-4.527797507208951022e-01,-5.457566796986874635e-01,-5.550169894256131720e-01,-5.144997434591280783e-01,-5.300882529865799109e-01,-5.661686732882313944e-01,-5.844913070097748076e-01,-5.836655040686148377e-01,-5.929652802322584737e-01,-5.972722590607997262e-01,-5.344794076885804879e-01,-4.879247042222756292e-01,-4.205289160367252088e-01,-4.350265915325614574e-01,-5.275269751301787657e-01,-5.319212811757249026e-01,-4.681846648951691892e-01,-4.490497480196111724e-01,-3.044083297628547569e-01,-2.655686361429204223e-01,-2.311299346238807062e-01,-2.629983788057899674e-01,-4.068585976007724203e-01,-4.300352303464777814e-01,-3.976617661746039700e-01,-2.242669583776231157e-01,-9.525582306816848810e-02,8.677231830161423465e-02,-1.806989586065384235e-02,4.194248883119233023e-02,1.495142980287266221e-01,2.066875206495914219e-01,2.081542105945154708e-01,2.737903534957402130e-01,2.418876706417414368e-01,1.651693293161285991e-01,1.398043410749666149e-01,1.866098315685545961e-01,2.438696313556998063e-01,3.804149167520625152e-01,3.587525097358187365e-01,3.183218019093660422e-01,3.719831557137385225e-01
1.141204605584148074e-01,1.408494929514956806e-01,3.841490420420667351e-01,3.179368217649882755e-01,2.594675386349292734e-01,2.198616728230202710e-01,2.305364578793012154e-01,2.751061730123011695e-01,3.134122219610269156e-01,1.846551216993773045e-02,8.721756541384090289e-02,-7.840739588121958814e-02,-1.907726149330081500e-01,-3.192559796031368413e-01,-3.643349052266834365e-01,-4.073876609927305492e-01,-4.228665795866763943e-01,-5.063128839232885481e-01,-5.310128486028610206e-01,-5.057962015522601273e-01,-5.147988995684117386e-01,-5.519944483792880163e-01,-6.147771600896525523e-01,-6.178443876368293619e-01,-6.249090507296746200e-01,-6.328171443094590121e-01,-5.470448724036449661e-01,-4.837267169599999139e-01,-4.443457888648271736e-01,-3.932509533147134362e-01,-4.707277925221063919e-01,-5.073885782273831468e-01,-4.595220075123653269e-01,-4.444195147943644231e-01,-3.639941829323173894e-01,-2.593759257193520296e-01,-2.428492985152686523e-01,-2.106822580956122515e-01,-1.763948258408416236e-01,-1.953772405972275528e-01,-2.438749307548028211e-01,-2.079813556022598875e-01,6.681673618682347493e-02,2.285800558356135953e-04,-7.039911244797587841e-03,9.113128656468870437e-02,1.104934173201731346e-01,2.496815835508897075e-01,2.429861039621781515e-01,2.783428581721779649e-01,2.885651216749854364e-01,1.968872121746306769e-01,1.535104484712721540e-01,1.890386774644368939e-01,2.927189942360148844e-01,4.293773984901813612e-01,4.122086837321038977e-01,3.557078776296548894e-01,3.947774828358356358e-01
1.308479689733343387e-01,1.766348806368254476e-01,3.971715204907455554e-01,3.174328762549308847e-01,2.980041382882559486e-01,2.407447805357104675e-01,2.057389489159366369e-01,2.199463103291443566e-01,2.977419855538314675e-01,-3.420325320342216396e-02,4.940387805300847784e-02,-8.290843548298536259e-02,-1.985938303952939354e-01,-3.014683502671062221e-01,-3.584916913105259395e-01,-3.971562542459243783e-01,-4.226926631378641330e-01,-5.002204353776197321e-01,-5.378008152060225200e-01,-5.111759127102423195e-01,-5.289770932896754596e-01,-5.539402774718902300e-01,-6.013990172320494709e-01,-6.085647722125008263e-01,-6.319966313551058645e-01,-6.190575598092921128e-01,-6.720265134015306341e-01,-5.940250856147102354e-01,-5.730566123269955625e-01,-4.991601833424563206e-01,-4.707210859272815129e-01,-3.999967127480832940e-01,-4.322355998776385433e-01,-3.773225838210362837e-01,-3.645017511349828987e-01,-3.065166351298875269e-01,-2.239677480051856517e-01,-2.476232534016004072e-01,-2.455044939683835858e-01,-2.421379944229571368e-01,-1.605962857901573615e-01,-3.027799948860102411e-02,-5.817851024724704501e-02,-1.310807791661097177e-01,1.356350792484986856e-01,2.031654046196874897e-01,2.197692415873389038e-01,2.580673901317464547e-01,2.183488828042420837e-01,2.531734781272592660e-01,2.765912036590254530e-01,1.964896928388938091e-01,2.242685992458854360e-01,2.974182805580928846e-01,3.428880690211362214e-01,5.337151358989975503e-01,5.209640819888330387e-01,4.752325719193573050e-01,4.602948380415743945e-01
2.513787774055422641e-01,1.880910328007074639e-01,1.056101712806655629e-01,2.301868116729996125e-02,-4.957606059836362766e-02,-7.445596988539660011e-02,-6.669546036267832989e-02,6.772437903967153117e-02,7.559273024371876426e-02,2.817029897885586776e-02,-9.658735250871273992e-02,-1.617036258443413921e-01,-1.404056698595176900e-01,-1.215127470196504522e-01,-2.632044174742055875e-01,-3.220390219915309493e-01,-3.824928638035196560e-01,-5.424413922775006558e-01,-5.705685232328309153e-01,-5.610046684382883342e-01,-5.774833186834468224e-01,-5.898590561375472996e-01,-5.768536175645998521e-01,-5.928480962847022528e-01,-6.054368038747217629e-01,-5.414771167396131846e-01,-5.783908217049493761e-01,-5.967225361557336738e-01,-5.405773562841152957e-01,-5.099952636381690496e-01,-5.596516632131092184e-01,-5.099812604634809121e-01,-4.683913777782173216e-01,-3.654096838538201109e-01,-4.044366847680664345e-01,-3.221761548862292490e-01,-2.816775709955175455e-01,-3.440799734349616612e-01,-3.321502858194868013e-01,-3.429033156197260346e-01,-2.729525596600750337e-01,-1.416674109003544790e-01,1.298843841368323582e-03,8.679497126326730927e-02,3.436910682947459938e-01,3.677741543388263756e-01,4.171981137386109317e-01,3.892587785265868017e-01,2.950916336871750589e-01,3.726878775773967978e-01,2.420408048653119037e-01,2.031927479923690827e-01,3.942645928164593694e-01,4.910063473908739540e-01,5.050776862770839370e-01,5.911126564908661951e-01,5.890169706939213379e-01,5.647304066170163450e-01,5.349825715877989385e-01
1.200572600625956915e-01,5.688782004660143665e-02,-2.885084003741791164e-02,-1.724191486624769287e-01,-1.245240228766467255e-01,-1.184242322978036471e-01,-1.222809083422373710e-01,-1.235331411801576518e-01,-1.513904636963183392e-01,-2.081082021699106333e-01,-2.246590963209501302e-01,-2.145483621785355954e-01,-2.225003336808721865e-01,-1.560941504158628035e-01,-2.526858298746870179e-01,-2.812599176877245699e-01,-3.586049730863240526e-01,-4.832686656325179686e-01,-5.188900588747551446e-01,-5.732171776945431674e-01,-6.070511533742054544e-01,-6.187484483314805717e-01,-6.361330704649298395e-01,-6.354634965622945053e-01,-6.496230615044074064e-01,-6.722927633571119665e-01,-6.341282064395814544e-01,-5.530692719426134607e-01,-4.811354453209915616e-01,-4.396467831731623588e-01,-6.127927936058372715e-01,-5.566702791404758432e-01,-5.073825678093248914e-01,-4.164417588834565254e-01,-4.120364247977155170e-01,-2.988502155725067388e-01,-2.825231233723157764e-01,-2.575317207665059893e-01,-2.100810515865596806e-01,-2.831115037585790195e-01,-2.378744601566318007e-01,-3.916959423372364316e-03,1.729296910474842353e-01,2.615174204298834626e-01,2.735608468168488350e-01,3.358526958866606682e-01,2.877114482035383336e-01,2.879387729768428938e-01,3.604521727839176126e-01,4.487579425180618919e-01,3.538952075250076934e-01,3.544531920542800529e-01,4.123959737310692319e-01,4.290045732039159398e-01,4.893406564997824781e-01,5.135543532548971779e-01,5.118630967536642595e-01,5.349090102922420265e-01,5.690199018418061749e-01
-4.843411885343772150e-02,-6.954067796773538701e-02,-1.329854349791677048e-01,-2.173104606650682058e-01,-1.240606766400684791e-01,-1.420138611901062275e-01,-1.632301246698552311e-01,-1.276091810739485022e-01,-1.718613599319935292e-01,-2.141800372237959993e-01,-2.427852899935220021e-01,-2.350728326719566108e-01,-2.545902384525671192e-01,-2.127126936624873788e-01,-2.807337511606698977e-01,-2.767189884214688589e-01,-3.708792605066910664e-01,-4.789919138996838743e-01,-5.351177780546597651e-01,-5.701433306893640696e-01,-6.046907977901090359e-01,-6.216227852362790074e-01,-6.379435732389696634e-01,-6.225195065638354786e-01,-6.302168193877990543e-01,-6.499992985497387021e-01,-6.374196666550635548e-01,-5.650817946446932138e-01,-5.325812904234947798e-01,-4.580702419102000156e-01,-6.412254246632000942e-01,-6.055738733534762330e-01,-5.243457420241404154e-01,-4.459332371444360010e-01,-3.938356704616626791e-01,-2.949197548618157638e-01,-3.180409598902149138e-01,-2.264747161816550447e-01,-1.514314762571149775e-01,-1.638169267187872535e-01,-9.455398028880654393e-02,3.442435421422031239e-02,1.360028147149077993e-01,2.279959376608349242e-01,2.664824847938164765e-01,3.020358070804984307e-01,1.880508157139217651e-01,2.359628927713816049e-01,3.871750805455825284e-01,4.384509305512983013e-01,3.133616199283706938e-01,3.019210309281248339e-01,3.189113465453096152e-01,3.128734355004844647e-01,4.305267517057396742e-01,4.736553224160597320e-01,4.854931743584816606e-01,5.158168489694284764e-01,5.421711647173501625e-01
-2.786606096236827756e-01,-5.883956202037420730e-02,-5.029414133756484467e-02,-1.499760379178098069e-01,-1.530787185322366739e-01,-1.861230290950300625e-01,-2.459569812126527755e-01,-1.884428926181513364e-01,-1.937098439884883949e-01,-2.356076293450317938e-01,-2.609871740619121860e-01,-2.145506431863827002e-01,-2.375455561749654221e-01,-2.764071840417972603e-01,-3.243385853846487699e-01,-3.304425627920606345e-01,-3.566798702013158073e-01,-4.875074006546433747e-01,-5.171649168373767536e-01,-5.629313305468582884e-01,-6.077289393186965372e-01,-6.192570009492510685e-01,-6.219526406649706907e-01,-6.170760821947611774e-01,-6.407443155372181121e-01,-6.462617827810444027e-01,-6.814044702325439129e-01,-6.222709605783086628e-01,-6.285557207046832406e-01,-7.273338825847026623e-01,-5.971032741010643408e-01,-6.173782136710914692e-01,-5.810480151773007584e-01,-4.262383024029002820e-01,-2.971484950878872655e-01,-3.018106320312415325e-01,-2.661446254880148188e-01,-2.416562426236184835e-01,-2.146781452330354389e-01,-1.410154022486466707e-01,-7.804637289826080182e-02,1.023724788113251731e-02,1.106253033119975887e-01,1.178344806979050446e-01,2.452885395254190970e-01,2.611445533253526907e-01,2.742979315703762411e-01,2.632105377640359123e-01,3.592245848839634714e-01,3.560180256763944007e-01,3.913462704987560326e-01,3.345802738567530410e-01,2.990941384628553745e-01,3.544888633465098637e-01,4.194967532360696638e-01,4.594042473760290290e-01,4.728026004870696242e-01,4.172804835515004362e-01,5.031772739606794609e-01
-3.107265362306682044e-01,-1.979049714346068911e-01,-1.144152813719559042e-01,-1.199867386856462298e-01,-1.507749924981009182e-01,-1.473193955359304586e-01,-2.416475785587725300e-01,-1.957694570549443625e-01,-2.214901744814502527e-01,-1.927671674410478819e-01,-2.208473231380118917e-01,-1.699449361576184647e-01,-1.965895351804720359e-01,-2.297916093640281487e-01,-2.677676616118999653e-01,-3.025730637164398273e-01,-3.716878504030932118e-01,-4.578821380212961811e-01,-4.877793629019268051e-01,-5.657069166402665106e-01,-5.959172851434658691e-01,-5.845576174315101348e-01,-6.590256093141896310e-01,-6.632062821152906462e-01,-7.167978041157114788e-01,-6.980922791682648842e-01,-7.788746181287846682e-01,-7.738337166270087275e-01,-7.733473191229903732e-01,-7.281022675236323849e-01,-6.036911523205271690e-01,-5.603142653189635558e-01,-5.264921195474761006e-01,-4.149619527794924378e-01,-3.152742450740150804e-01,-2.839762329644837102e-01,-2.769214818454574512e-01,-2.909804407851887542e-01,-2.537212435386288489e-01,-1.747848382883346319e-01,-1.407671493261452578e-01,-4.690125722289124194e-02,-4.018976068714283888e-03,5.226702072574145042e-02,2.469783530256775550e-01,2.708912172532028650e-01,2.492822447120607299e-01,3.436678493648052668e-01,3.296441448499675686e-01,2.670162328747679448e-01,3.818655957280721602e-01,3.562002024958537127e-01,2.897929454477543021e-01,3.084512750035386941e-01,4.298044007466919059e-01,4.491026525864726948e-01,4.496791032150532774e-01,5.131286142519936311e-01,5.377160200774135923e-01
-2.282565212503597507e-01,-5.639174723813780016e-03,-3.276769449989123256e-02,-6.016016005374369424e-02,-9.466494733930425065e-02,-1.347282328398901607e-01,-1.320921955700705142e-01,-2.034446268022888638e-01,-2.238589560249993893e-01,-2.759361699293465531e-01,-3.003824407425185194e-01,-2.902530207824925435e-01,-2.991797819307142614e-01,-3.422312111359626097e-01,-3.720702354207941487e-01,-4.127052253519660208e-01,-4.374235899274111494e-01,-3.954035338786173748e-01,-4.067161682305668324e-01,-4.750674384117049565e-01,-4.959195884186712311e-01,-5.095997529737201770e-01,-6.728161542403868767e-01,-6.659174962403435760e-01,-6.966197189830458658e-01,-6.861080710951603656e-01,-8.037665793165240657e-01,-7.300148722321161410e-01,-7.350092992256967994e-01,-6.993080117116862171e-01,-6.164770900326130842e-01,-5.579460360665229324e-01,-5.213314429344214629e-01,-4.290572730567341342e-01,-3.450199495919332726e-01,-2.885646406142289289e-01,-2.623169659716848567e-01,-1.715256780032956563e-01,-1.745982988435501870e-01,-2.179873213211330207e-01,-1.932461186142527543e-01,-7.143497188019351518e-02,4.549971990124174887e-02,8.954295295614218830e-02,2.054209614796307370e-01,2.571137547666838552e-01,2.424055139247673629e-01,3.685715271999123188e-01,3.110848461170862000e-01,2.513001352690643064e-01,3.367849812035313417e-01,3.930597764761571411e-01,3.338806576810545712e-01,3.302748309009365113e-01,4.170566367720101586e-01,4.484749186636266538e-01,4.531384692996066055e-01,5.777079870023339447e-01,5.652213184475917140e-01
4.795558994431466104e-02,5.449954922100195415e-02,-2.612120415658553477e-02,-2.554088547233497944e-02,-8.025766238743914371e-02,-1.195796179284958488e-01,-1.130477907469750465e-01,-1.382999723320076091e-01,-1.810828268706642097e-01,-2.267536393255485949e-01,-2.548821395962197478e-01,-2.798229643789010290e-01,-3.184210070721847363e-01,-3.483044545487342658e-01,-3.595114079725743039e-01,-3.894114135412643507e-01,-4.263437267643702677e-01,-2.753065779268364932e-01,-3.821165764748097327e-01,-4.730585065592778915e-01,-4.731277671217065106e-01,-4.785325101664518188e-01,-5.776954548377405407e-01,-5.712531347028748652e-01,-5.727137317235357905e-01,-6.228906217916125865e-01,-6.418216360041346658e-01,-6.812356381692934448e-01,-6.984298673935520618e-01,-6.781376554027016557e-01,-6.965047563309062495e-01,-5.878018128149844479e-01,-4.824486161223226488e-01,-4.144329470294126350e-01,-4.301644869295160878e-01,-2.923296150617289424e-01,-3.076090057096282915e-01,-2.337200359978531539e-01,-1.870994017164191725e-01,-1.299913143382965541e-01,-1.771321554084452632e-01,-1.248034747367689212e-01,1.704883179900414450e-02,7.082473643171237343e-02,1.876923341490042974e-01,2.382897197465752015e-01,2.179813913838657691e-01,3.958131776212225339e-01,3.010186388699447879e-01,2.111922292238531396e-01,2.494437441027485824e-01,3.297139791474924531e-01,2.736508435866814581e-01,2.683065397354024162e-01,2.575147584830210223e-01,4.289931596739502417e-01,4.711060170582315187e-01,4.979796503710427480e-01,4.263595916812160658e-01
3.383742088121490244e-01,1.562404505047535475e-01,8.934600580852748719e-02,1.434377475152493787e-02,-1.230485534571605644e-02,-8.464650720312683063e-02,-1.651731107530816922e-01,-2.043518300452929759e-01,-1.875470796260033379e-01,-2.442313291837608369e-01,-2.775936764166476167e-01,-2.899579461356229793e-01,-3.258608965696367932e-01,-3.437508202161909110e-01,-3.570045996753403172e-01,-3.944066208246067573e-01,-4.280447300994401072e-01,-2.920291521423026837e-01,-3.343434674418354624e-01,-4.748536529433228792e-01,-4.778061665132237734e-01,-4.530763072736387898e-01,-5.855672414490019628e-01,-5.802458119354536592e-01,-5.582116561427084012e-01,-6.162942480675844825e-01,-6.399696430754043819e-01,-5.852745421164256001e-01,-6.085370332211477162e-01,-5.941133385112966625e-01,-6.569661339174142078e-01,-6.315586320550857780e-01,-5.732633680380035957e-01,-5.476856783472996426e-01,-5.254645803086481770e-01,-3.908124508287801335e-01,-4.376522678332177563e-01,-3.103246096881122629e-01,-2.558912874829288864e-01,-1.690889973648316835e-01,-7.968165945269507777e-02,5.280582958599358556e-03,7.524366016551974068e-02,1.232483695841001120e-01,1.246575801098387531e-01,1.981175729568470101e-01,2.451442899221015492e-01,3.494007992809605723e-01,4.278874978695731968e-01,3.292878196107704714e-01,3.159057436563575405e-01,2.353473762770430522e-01,1.846829545840514841e-01,1.627764124202087936e-01,2.315740401692916728e-01,2.981569606012725582e-01,3.528832314678681525e-01,4.177774437284692555e-01,4.690904731383327975e-01
4.164320200057186061e-01,3.111427874528872595e-01,2.051059860576905647e-01,8.814277797249102375e-02,-1.344979562971565902e-03,-8.367286033229168196e-02,-1.700211687617151912e-01,-1.978405767699199236e-01,-2.456410676794636705e-01,-3.204304265623473258e-01,-3.560760377058175274e-01,-3.986720620650489044e-01,-3.494964066932650937e-01,-3.621410052919805111e-01,-3.743048001953782067e-01,-4.063386879650504602e-01,-4.655974659478596678e-01,-3.532797947653997239e-01,-4.121171676112960758e-01,-4.374907213137997908e-01,-5.038672547917679712e-01,-5.158977713279684352e-01,-6.081410115154974871e-01,-5.921539539390752171e-01,-5.944548684042356701e-01,-6.259270721022827111e-01,-6.463954592043005265e-01,-6.374126102424413354e-01,-6.629975395676902528e-01,-6.017230217284071925e-01,-5.884813003014265353e-01,-5.449043846645122979e-01,-5.374608274734733460e-01,-4.938653654526677927e-01,-4.429154213578693211e-01,-4.374933497986855935e-01,-4.686569608604555515e-01,-3.756022165459436679e-01,-2.231826125910723047e-01,-2.063445521331161159e-01,-1.386629667985651015e-01,7.276616795301141423e-04,1.167900971336021110e-01,7.029110145069213111e-02,5.523451198993666739e-02,1.740535743775302180e-01,2.426894760773034565e-01,2.983513900446762568e-01,3.947432965400153870e-01,3.382070802766560247e-01,2.935526665658171885e-01,3.132974605559434300e-01,2.726677013864202692e-01,2.992903213738156154e-01,2.966801696778432751e-01,2.410769900453605674e-01,2.677512967801086718e-01,3.420603837013723170e-01,4.809097833350745033e-01
4.605192472236212531e-01,3.737981296124706088e-01,2.072264568676354390e-01,7.126393211894231638e-02,-1.694449549778093145e-02,-1.139017080669064430e-01,-1.889107330670433682e-01,-2.353480012953191591e-01,-2.922608334254836460e-01,-3.412154657518832179e-01,-3.934618853056200405e-01,-4.327063058713417343e-01,-4.469654746373271648e-01,-4.325739408947346099e-01,-4.581785877730979450e-01,-4.812864757013469719e-01,-4.779924762901335278e-01,-3.897236999300210392e-01,-4.268681571110385931e-01,-4.501048194936344005e-01,-5.295291476896646365e-01,-5.481597320686030228e-01,-6.099299253438900115e-01,-6.663593354305148431e-01,-6.488678460692555161e-01,-6.288091456181462702e-01,-6.460006035353356157e-01,-6.641483340838993943e-01,-6.931355756544893554e-01,-6.113302891003857820e-01,-5.643802193078365503e-01,-5.179374277181261199e-01,-5.248556414102728551e-01,-4.856709511582491534e-01,-4.892369300016415345e-01,-4.410657540832401136e-01,-5.288724355504230701e-01,-4.757929386584048848e-01,-3.038307735920296460e-01,-1.793514022755738901e-01,-1.319442070263536493e-01,2.852828935093109849e-02,5.506484658507381641e-02,-5.865569021380510157e-04,2.426046380314282255e-02,1.332724758136240029e-01,1.393791283710701656e-01,2.014820117835611768e-01,3.216955121997006617e-01,2.982480281492644325e-01,2.633596081879974737e-01,2.875066210542902012e-01,2.632381113076074919e-01,2.711682867516791440e-01,2.628297134757697773e-01,2.371641638646413142e-01,3.056662617583185138e-01,3.570662693465482262e-01,4.620164329018640603e-01
2.740014061638765819e-01,2.086837107253035617e-01,1.294434065870707085e-01,4.191414009969841002e-03,-8.366028469775131649e-02,-1.497997875775946564e-01,-1.871278615382544197e-01,-2.240938229030008944e-01,-3.007490003008727042e-01,-3.881601635373064241e-01,-4.481065898895471578e-01,-4.843184720579116198e-01,-4.786469968097370464e-01,-4.750165146184464060e-01,-4.683596128550340243e-01,-4.910218026893178322e-01,-5.602211978149594929e-01,-5.338798540571344509e-01,-5.539138734863662261e-01,-6.012422428016654941e-01,-6.117760523851801802e-01,-6.164585796236152770e-01,-6.284399663524814494e-01,-6.836082667382468170e-01,-6.792924061833317539e-01,-6.829145744152562703e-01,-6.546844235014531721e-01,-6.430377376482019347e-01,-6.185841393647172337e-01,-5.916178782868619646e-01,-5.761440028697485394e-01,-5.669049691857165341e-01,-5.465114689243478763e-01,-5.547591551130047760e-01,-5.214217539523645639e-01,-5.253879986757513665e-01,-4.517841455624490021e-01,-3.666422690669813300e-01,-2.683757761100215022e-01,-2.079840207629565507e-01,-1.390784102863187877e-01,-7.086715096308247863e-02,4.199156915784924005e-02,1.015573334721151799e-01,5.163582473760621600e-02,2.285937383403725126e-02,2.299821645245942736e-01,2.999094108684060567e-01,2.603047634196098969e-01,3.211763185187668235e-01,3.103876239663800884e-01,2.976104224123174991e-01,3.122552445050539305e-01,3.338210720148184207e-01,4.046375150281798505e-01,4.055774430867663538e-01,4.503923307556638167e-01,5.023632193110014743e-01,4.050398473327377347e-01
1.987913019525022751e-01,1.496954118915765353e-01,6.067075116831870812e-02,-4.199324849996749487e-02,-1.286189139482692700e-01,-2.184370623570604242e-01,-2.496100253411187020e-01,-3.088342801467160448e-01,-3.866714268206046246e-01,-4.683842127989278903e-01,-4.760091532644262213e-01,-5.256689550772527530e-01,-5.285755271486639595e-01,-5.082785591191587571e-01,-5.009435405567453925e-01,-5.034541192472417048e-01,-5.277005480317902286e-01,-5.357915326351960772e-01,-5.401900064746546493e-01,-5.779107522326526469e-01,-6.079714008995775743e-01,-6.062557982420787583e-01,-5.993091465886287716e-01,-6.587094048318937745e-01,-6.763367579546865072e-01,-6.696589030206774318e-01,-6.668597773136542006e-01,-6.510333394483621694e-01,-6.182858529355479416e-01,-5.370990640865860311e-01,-5.323132450725455156e-01,-5.057653792608889365e-01,-5.237578403003957384e-01,-5.024272024449233376e-01,-5.176950652156041555e-01,-5.412915817916006400e-01,-4.544941989317354825e-01,-3.866478295134843646e-01,-3.427663687886371990e-01,-2.752027630570473837e-01,-2.509124585403610941e-01,-1.549725221891524729e-01,-2.953482135818475546e-02,-1.127952821885753187e-01,-9.869132977764005776e-02,-6.207033199233878695e-02,-1.905326854582511248e-02,5.984277835816004948e-02,1.995328633023770726e-01,2.944095578276033631e-01,2.578353154564997363e-01,2.453599785179274018e-01,3.086668055897497931e-01,4.023058692969282979e-01,4.707316372578204122e-01,4.856556297137065159e-01,5.198296218302160820e-01,4.859129197482469076e-01,6.496031057318650825e-01
1.572714444660612554e-01,1.287565335639566655e-01,5.742473553428095040e-02,-3.549986444103893357e-02,-1.299011344384984057e-01,-2.348377691294969705e-01,-2.719218046181111070e-01,-3.413786141380762418e-01,-4.195433273652073858e-01,-4.922032806560951435e-01,-4.972257867072072957e-01,-5.480356447034016032e-01,-5.474583651821517405e-01,-5.248357761567806756e-01,-5.235976658065858436e-01,-5.263557922217877438e-01,-5.496958225241184159e-01,-5.428578251173409308e-01,-5.431479172836243263e-01,-5.662399219326346156e-01,-6.020771907381231580e-01,-6.086477789765608604e-01,-5.957465980145973949e-01,-6.494982922346551613e-01,-6.740551560963968791e-01,-6.377010809890666376e-01,-6.196066871608851834e-01,-5.951346302883888661e-01,-5.880619732175514924e-01,-5.115577943795047711e-01,-5.507493068728069874e-01,-4.646749373276566342e-01,-4.689786283005756284e-01,-4.920125963701314498e-01,-4.739639449903317869e-01,-5.069660896170530284e-01,-4.431058598088325473e-01,-3.697745605568601990e-01,-3.694788572251216374e-01,-2.598534192746252414e-01,-2.458539074592866192e-01,-1.150961661423710591e-01,-2.257578129633937801e-03,-6.063236798568439473e-02,-6.832198939954159389e-02,-1.133251030986048326e-02,-1.175402161111826181e-02,3.281350442722481137e-02,2.326829335793766662e-01,3.825201087804060429e-01,3.395784990681990356e-01,3.280616098859496232e-01,3.867895857039870267e-01,4.733856326832597272e-01,4.907338640817786590e-01,4.856175956906325641e-01,5.485395256301958122e-01,4.607539106750551117e-01,6.156691962796294604e-01
9.153281183270864374e-02,5.020110298160570389e-02,1.762712042651265812e-02,-1.187469799856351316e-01,-1.947598147395808443e-01,-2.904612273522096388e-01,-3.520085783067784524e-01,-4.162451540743551948e-01,-4.734488935842055546e-01,-5.033913209087035323e-01,-5.033128125042621859e-01,-5.549721148500622592e-01,-5.543639581114855330e-01,-5.452924818463520396e-01,-5.568913128823356207e-01,-5.790873466972459305e-01,-5.915854066666145217e-01,-5.750310015026834920e-01,-5.867775337955613013e-01,-5.802740997004360857e-01,-5.489038844543263629e-01,-5.529337346892082561e-01,-5.235087029041629592e-01,-5.116544980692392386e-01,-5.099724096343216662e-01,-4.994662196570450186e-01,-5.631017705828211817e-01,-4.899723437382415558e-01,-4.611961498452643582e-01,-5.054776702520898946e-01,-4.794273454025041459e-01,-4.118297001808821078e-01,-3.781950154509652329e-01,-4.199521388556016199e-01,-4.277315179336598772e-01,-5.445602090263883532e-01,-4.174203492268503957e-01,-3.682890739194380481e-01,-2.895467142293915996e-01,-2.352996972196201020e-01,-2.818113649747434613e-01,-2.199801093904906191e-01,-1.157520691015915398e-01,-3.846182319392105892e-02,-4.478242178601778145e-02,-2.790705195305651781e-02,-2.348857155333699750e-02,2.203189715224420919e-01,2.544630855666160651e-01,3.066275077748517597e-01,3.405054862683210004e-01,3.965660664119621814e-01,4.241567769176198821e-01,4.964594934187647746e-01,4.864973331118265798e-01,4.603757356404795109e-01,4.954482347283289956e-01,7.499653259846895681e-01,5.221190333300832487e-01
9.470279916522433838e-02,6.183025725285863639e-02,1.480407777966441692e-02,-1.224384209799616180e-01,-1.837397980802207564e-01,-2.919319233268219405e-01,-3.564019599444914754e-01,-4.175191383908015141e-01,-4.704289841991359244e-01,-4.797637658330067834e-01,-5.237843808651495570e-01,-5.858490714003447009e-01,-6.008110850756968047e-01,-5.926429717948337172e-01,-5.427907986675777341e-01,-5.467901051947309243e-01,-5.403369271991954603e-01,-5.309100397931426629e-01,-5.280766324644241561e-01,-5.342879345067487185e-01,-5.292198869836257646e-01,-5.237988151951672444e-01,-4.573620784354133217e-01,-4.557851721545812529e-01,-4.568688534561951564e-01,-4.754905078690619957e-01,-4.416890126067569700e-01,-3.829925771398389189e-01,-3.720765508794153797e-01,-3.964201280362268931e-01,-4.624880650195169474e-01,-4.250252341006475754e-01,-3.570481236221281218e-01,-3.591087754310858249e-01,-3.798184024663910918e-01,-4.267587902463612082e-01,-4.366524195396870867e-01,-3.328340493925682209e-01,-2.810375975034877793e-01,-2.190037070611771941e-01,-2.701288758324595918e-01,-1.752624301139742435e-01,-9.482150146941513424e-02,-2.595859511219787003e-02,3.965180538623418877e-03,-2.834673893129143266e-02,-4.478511092576343416e-03,2.435508173155329081e-02,8.423481768908261391e-02,8.199071726741435917e-02,2.816841563641589996e-01,3.058290146900153883e-01,3.619569192671309166e-01,3.936763830621314852e-01,5.252762330556323134e-01,5.484543446011923562e-01,5.520047623323119934e-01,7.645318046339354412e-01,5.494261647199719656e-01
1.568743077826654786e-01,1.094746361458110995e-01,3.780858406057725773e-02,-9.244433927669187812e-02,-1.479116210345964577e-01,-2.351024617483151724e-01,-3.102112772418116893e-01,-4.539364053405216537e-01,-4.830010364284939017e-01,-4.930018598736529700e-01,-5.293194317893008538e-01,-5.962944519103047236e-01,-5.566871599174864071e-01,-5.716004156578101680e-01,-5.242979932390199327e-01,-5.252286488872137671e-01,-5.326794551281506251e-01,-5.213150310784477881e-01,-5.169792815557345822e-01,-5.277728643544798981e-01,-4.985300975208241669e-01,-4.670130999507863812e-01,-4.264721740504547332e-01,-4.035554715089212374e-01,-3.979706882999442530e-01,-4.110916697228265138e-01,-3.729634978952187097e-01,-3.509337228456277380e-01,-3.173260648781002224e-01,-3.380603960867833990e-01,-3.626591239433237246e-01,-3.200009699104254257e-01,-2.417725463470163372e-01,-3.088875569112381481e-01,-3.796072028824136191e-01,-3.758332200181673799e-01,-3.754166047695559061e-01,-2.394268199518733431e-01,-2.034511482039355612e-01,-1.569678335784252809e-01,-9.935380217313047324e-02,-1.528943741377103149e-01,-7.135751776444110295e-02,-5.849623830988725376e-02,-6.671191537735557398e-02,-3.442551011367820518e-02,-8.264985279654709846e-03,9.009987574547104888e-03,4.675974750142858349e-02,6.224272163128368590e-02,9.449203092643349011e-02,2.210270615541962969e-01,4.269416186586885154e-01,4.853775295349027075e-01,4.170645738431748573e-01,3.829080069313079981e-01,4.197244450911961633e-01,7.072532049516977448e-01,7.037822628647750767e-01
1.007333159801949846e-01,1.464443572005535770e-03,-5.033964905945940982e-02,-1.589835082385749054e-01,-2.200235088164236574e-01,-2.886007227148615906e-01,-3.331192552667746054e-01,-4.606427900585984836e-01,-4.887386938521568469e-01,-4.963671344883263115e-01,-5.423862706748866502e-01,-5.773457679557842948e-01,-5.374987888663025348e-01,-5.816874321709891715e-01,-5.458262372115172401e-01,-5.477840510049059031e-01,-5.600245811582891253e-01,-5.231518021435829224e-01,-5.166891129587003473e-01,-5.167878868852501251e-01,-4.895194273746926727e-01,-4.719998574415615322e-01,-4.228959914024707500e-01,-3.800093979391345189e-01,-3.606650898959385954e-01,-3.465155847669144085e-01,-3.366200727552561278e-01,-3.276448945445216143e-01,-3.171450712928146065e-01,-3.099936009767661482e-01,-2.571683635243766086e-01,-2.576641308584236567e-01,-1.947967727800916371e-01,-2.872726979762040833e-01,-3.117917799904746934e-01,-3.128365493715622447e-01,-2.551077942656095887e-01,-1.897644192343179159e-01,-2.047233950225487153e-01,-1.400663607170128944e-01,-4.584200448805502565e-02,-1.196522249540956928e-01,-9.257977807050012109e-02,-1.036473294688065733e-01,-6.937770311741478513e-02,-2.190390332825029734e-02,4.683684522910303016e-02,4.756206781872166639e-02,4.769944498786212600e-02,7.757427476176087522e-02,9.028127476091660220e-02,2.236163249407842613e-01,4.390548054583157667e-01,5.115858649662764490e-01,4.365091217742051999e-01,4.072612159700911838e-01,4.094700859713426011e-01,7.404555948892955763e-01,7.294763351888348124e-01
4.382896820518396297e-02,-1.925589885379307966e-03,-1.082786459130441192e-01,-2.215666788999195169e-01,-2.448100498470743014e-01,-3.279409860525910880e-01,-3.411885467823541074e-01,-4.778307858988183887e-01,-4.979553784076863332e-01,-5.446643892589917435e-01,-5.171136911991105478e-01,-5.437400087760055900e-01,-5.288921618386858148e-01,-5.614067298184201027e-01,-5.428329035341776798e-01,-5.639340340173444321e-01,-5.565169591043183095e-01,-5.209546819384607286e-01,-5.077745823696511174e-01,-5.038520199862466242e-01,-4.484502951639610102e-01,-4.359280218138097407e-01,-3.922955171324751245e-01,-3.251240502184311598e-01,-3.169692840808365220e-01,-3.223476918963401605e-01,-3.364523821048412966e-01,-3.239709869874939918e-01,-2.858888986202600679e-01,-2.304559983769364218e-01,-2.108351477729695500e-01,-1.656715245111571866e-01,-1.508455269044041702e-01,-1.906838756923388833e-01,-1.854538772266107471e-01,-2.084176217639458206e-01,-2.016272874123447301e-01,-2.093795570095062786e-01,-2.094477247457720293e-01,-1.072858197104634287e-01,-7.099251190154937108e-02,-5.675282553066021002e-02,1.577064587096839790e-02,6.800756148061293943e-03,-5.405664886687478604e-02,5.966826631517013757e-04,3.952771958352442605e-02,7.062877062831371400e-02,5.991874548177886228e-02,8.663419981660334945e-02,6.846073588823486933e-02,3.514202195129154105e-01,3.734900349352985871e-01,3.938877897611138823e-01,3.872442809892695514e-01,3.641774958782065252e-01,3.604158472930221735e-01,8.006490842457674173e-01,6.212527806957397480e-01
-2.079044124576886338e-02,-4.181677245714198604e-02,-8.099763913980796703e-02,-1.636569888272030038e-01,-1.819919743144073343e-01,-3.272420487245019105e-01,-3.303710837816456469e-01,-4.465476062069848595e-01,-4.860207252038637460e-01,-5.305493134492154095e-01,-5.278434764484172259e-01,-5.529662482413150171e-01,-5.180515686297624267e-01,-5.289922096891497283e-01,-5.286615505767731094e-01,-5.403867358529363951e-01,-5.229017207799380174e-01,-5.104555167923631176e-01,-5.001778506471546981e-01,-4.682063501033735808e-01,-4.258649759703979631e-01,-3.932775809840428072e-01,-3.724793135170632041e-01,-3.115332201953651126e-01,-2.616815319800315787e-01,-2.864875534973891358e-01,-3.140549297672858287e-01,-2.729151838113094697e-01,-2.393053288200286122e-01,-2.135101052576068859e-01,-1.512310446047838430e-01,-1.154666948186354042e-01,-1.645504874858027267e-01,-2.074249503261085259e-01,-2.167269035021693324e-01,-2.723410623498097594e-01,-2.631396544884690991e-01,-2.054773264281807288e-01,-1.845094278429467716e-01,-1.153545172162374483e-01,-1.267250207055672928e-01,-1.308464183244896772e-01,-4.279698920137881002e-02,-3.697988161207887894e-03,8.328680081623231202e-02,1.143354620920952885e-01,1.419843839445268374e-01,1.563336379464622117e-01,1.969068660548624616e-01,2.263928503366865741e-01,2.641666667049586414e-01,2.721196541064558883e-01,3.230280275400808643e-01,3.278372573126613898e-01,3.230270413116634320e-01,3.318512978543941561e-01,3.081562715097118099e-01,4.796915254156507435e-01,2.883824266486835208e-01
-4.628774926352268587e-02,-7.669562656886691476e-02,-1.120139905140761782e-01,-1.577835592196326353e-01,-1.842764170112785038e-01,-2.440481556472520464e-01,-2.917790870739921383e-01,-4.040306358064571501e-01,-4.653244812588637758e-01,-5.266867544490070330e-01,-5.271238497323410543e-01,-5.352229983518534961e-01,-5.048361936068836986e-01,-5.258534688348339703e-01,-5.419669493670071780e-01,-5.370722829553915556e-01,-4.790995059009549029e-01,-4.678352151114750224e-01,-4.495382650330711494e-01,-4.074726257419445941e-01,-3.660589097221137456e-01,-3.251734016666767979e-01,-3.143850756859596918e-01,-2.998171881073564693e-01,-2.544246925041547258e-01,-2.536301302393070833e-01,-2.463972575741001647e-01,-2.162760659028690469e-01,-1.681281518018775678e-01,-1.974472194270807668e-01,-1.895493824983829345e-01,-9.672889583199445473e-02,-1.204305601067347381e-01,-1.369604182240216905e-01,-1.486617763674669135e-01,-1.996131959598853312e-01,-2.497301492503401776e-01,-1.895378260011891247e-01,-1.840862865044297358e-01,-2.000330083779370827e-01,-1.940277938365566612e-01,-1.762896224328998618e-01,-7.439081215202697495e-02,-4.625259460209904527e-02,3.838920062596646449e-02,8.270526108653059039e-02,7.428642747153903214e-02,9.603569703369096988e-02,1.376748549807145783e-01,1.760428087057215041e-01,2.155570007022829804e-01,2.489613588206325556e-01,2.775036830031382129e-01,2.648624780163620906e-01,2.945515024911390944e-01,3.047165606548530303e-01,3.155954222411682109e-01,4.624539061070096491e-01,2.718078547187379734e-01
-1.461127358357566242e-01,-1.517107527997983429e-01,-1.718186811145446802e-01,-2.036417249513065575e-01,-2.141060809798839004e-01,-2.453185954593824492e-01,-2.314057463079073618e-01,-3.688317380904615472e-01,-4.019889907727668965e-01,-4.283472006412175070e-01,-4.397524756991927908e-01,-4.802683691530689192e-01,-5.455486577411882143e-01,-5.390729311536989199e-01,-4.998412645768871010e-01,-4.588534125353498916e-01,-4.653946386357650233e-01,-4.043871999014461149e-01,-3.831712419072283993e-01,-3.509706027295050879e-01,-3.236543865310778645e-01,-2.798649187671552463e-01,-2.654579396088830312e-01,-2.606741856925379741e-01,-2.240412037894100039e-01,-1.957994039893753146e-01,-2.298507651948397124e-01,-1.882550787843002837e-01,-1.528522069357205471e-01,-1.791032198333727676e-01,-1.484915177245472173e-01,-8.352252261258158450e-02,-8.907256264914517607e-02,-1.261944198162160413e-01,-1.731398642608605876e-01,-1.693335731725461868e-01,-1.798325362110083647e-01,-1.425395800799779955e-01,-2.237024732472252253e-01,-2.366508933683425520e-01,-2.029897879859118570e-01,-1.825041826870057449e-01,-1.275263852743822868e-01,-9.003900351555244042e-02,2.835977091415785301e-02,2.186598693363273060e-02,3.653423469110548411e-02,7.142342148501977517e-02,1.035922751719142026e-01,1.370225092063929728e-01,1.531472256265908605e-01,1.826570041706689074e-01,2.374200943326245095e-01,2.482498463769932107e-01,2.623580530576585246e-01,4.035423610023687879e-01,3.724190712164965888e-01,3.955235272881640896e-01,2.682490222793220691e-01
-2.136416687447336427e-01,-2.498858348641913307e-01,-2.142536774068177774e-01,-2.769548692775542498e-01,-2.789382588401511098e-01,-2.407728914438880541e-01,-2.151384258304246400e-01,-2.820019620338811706e-01,-3.919280454164482674e-01,-4.340897231249887245e-01,-4.218036211224771570e-01,-4.840012638591152383e-01,-5.198172532979663529e-01,-5.201756813532896206e-01,-4.739395112639882002e-01,-4.992718971687281626e-01,-4.551047027116445487e-01,-3.938515554004452524e-01,-3.555692823709865058e-01,-3.422275678424003265e-01,-3.196033410708684630e-01,-2.717519628266504284e-01,-2.206252131893287893e-01,-2.034079750518613394e-01,-1.885030790636365583e-01,-1.724122223486402039e-01,-2.043074627735341486e-01,-1.716574904434024218e-01,-1.619166627405401182e-01,-1.411483484273721167e-01,-1.530730164693354101e-01,-7.808972317855862599e-02,-1.340746807559317910e-01,-1.152307822858158332e-01,-1.047260505563160637e-01,-1.210270639215611371e-01,-1.443940569243839234e-01,-1.661412414451199637e-01,-2.287282570262417214e-01,-2.288722904441670425e-01,-2.232329023156133241e-01,-2.158692389340143847e-01,-1.610881372825747060e-01,-1.300564736509344232e-01,-5.780305378135865840e-02,-5.294773297563201697e-02,-1.827987892547658713e-02,1.642638747160454077e-02,2.607842245857247554e-02,5.102132428380697082e-02,9.011041517410160739e-02,1.623641151563516016e-01,1.587372514035703119e-01,1.601356912581990422e-01,1.557551639092980000e-01,1.725102420427248318e-01,1.596341672841712633e-01,1.358772623724274486e-01,1.948824014304856300e-01
-2.969516404918504660e-01,-2.585629056563897854e-01,-2.140601701957063618e-01,-2.828434452354624540e-01,-2.551650956489964206e-01,-1.831718563133110933e-01,-1.946655300251624865e-01,-2.572148027856667185e-01,-3.357880579845454738e-01,-3.519372488715809544e-01,-4.008844767836862166e-01,-4.523584708484514327e-01,-5.326930855202579584e-01,-5.564711411124555474e-01,-5.020856048166117969e-01,-4.667209515065743330e-01,-4.332356033884296465e-01,-3.560703519019028374e-01,-3.196026541093743290e-01,-2.931162396061374187e-01,-2.323250017221340502e-01,-2.009743934833156664e-01,-1.554202288137409294e-01,-1.646573927501203405e-01,-1.619963977408807321e-01,-1.549481620547735194e-01,-1.631301072668973340e-01,-1.582610261150517450e-01,-1.442069933666812742e-01,-1.196371603654756421e-01,-1.201116275204267836e-01,-3.281928818630361344e-02,-6.915965792913138233e-02,-2.873120169725289913e-02,-6.479691299248382941e-02,-5.997882853297415578e-02,-1.272553571484417168e-01,-1.177645443844033413e-01,-2.054722241309796527e-01,-2.223139960989263531e-01,-2.367661568375891701e-01,-2.323294956080060036e-01,-2.085065869294640828e-01,-1.636477406787195388e-01,-1.322112503552947682e-01,-1.366073943896968235e-01,-6.590840045925838719e-02,5.496507033237735783e-03,2.008278567138730569e-03,2.454420414710056352e-03,1.080670466855581241e-01,1.600030669931264693e-01,7.978093334300045969e-02,7.271081207457473494e-02,5.178681504744765685e-02,8.322484897961283934e-02,7.890110249061967063e-02,7.464635286461214492e-02,9.913308642204797516e-02
-3.971889334235129132e-01,-3.571148139518233178e-01,-2.837433559517864579e-01,-3.175160778903404202e-01,-2.622937086442822530e-01,-2.269071868838871964e-01,-2.012291021718832229e-01,-2.080759217244186055e-01,-2.705479389651180844e-01,-3.261824758854186546e-01,-3.298499965312741145e-01,-3.742077380238024720e-01,-4.541227391888835174e-01,-4.611992218142521027e-01,-4.677897562716606394e-01,-4.308604496143209617e-01,-3.884988520431024162e-01,-3.201448554072399144e-01,-2.818472249729478407e-01,-2.424305717335346610e-01,-2.040040794693985804e-01,-1.688877214417288108e-01,-1.493996327956354786e-01,-1.374006606936979957e-01,-1.286828875698913244e-01,-1.332499304697634668e-01,-1.292816421381512426e-01,-8.702758431370784253e-02,-1.318101140959445361e-01,-8.309735427656915474e-02,-6.161679156573644789e-02,-4.036112781339637468e-02,-1.060705413172128853e-01,-9.727753995721195868e-02,-1.430665054190066454e-01,-1.216744761941465913e-01,-1.756146901663639404e-01,-1.500725198115281656e-01,-2.263712411977781835e-01,-2.342431869952432411e-01,-2.654091827058124298e-01,-2.671225316850404652e-01,-2.169655526428702630e-01,-1.801806444061923862e-01,-1.769365771636784990e-01,-1.527065433814990270e-01,-1.170910737437790144e-01,-6.219265685849448971e-02,-4.305177118371797396e-02,-2.878220606477273347e-02,5.348525404096622637e-02,8.783950442090326938e-02,7.136291514990776054e-03,8.360968227870434200e-03,-2.987521797290138351e-03,4.062592842437001001e-02,4.043669266955496333e-02,5.145502995812567537e-02,4.530548874384502517e-02
-4.090757721464685637e-01,-3.834294875330703789e-01,-3.970622560327491946e-01,-3.857108357532450515e-01,-3.030168929189586136e-01,-2.655555204197956876e-01,-2.154171855225840149e-01,-1.706720788934093513e-01,-1.588343998041200911e-01,-3.015666453862605456e-01,-3.068371169423524392e-01,-3.488497857096337640e-01,-4.333101679477736612e-01,-4.102435222965696293e-01,-4.060377081653175346e-01,-3.896647856145585287e-01,-3.665702169039014580e-01,-2.879243201292584486e-01,-2.535066568096591144e-01,-2.063415720147653842e-01,-1.710586394667388543e-01,-1.511664403928386358e-01,-1.332111595471832666e-01,-1.142669539715308186e-01,-9.361177563300814020e-02,-9.069781352577353795e-02,-7.186963204088346602e-02,-5.058628904602886431e-03,-7.685291531372415164e-02,-8.865019004728028063e-02,-2.280875538000104105e-02,-1.942263807626069469e-02,-9.236381755420994266e-02,-9.731648179066107462e-02,-1.416702909196388138e-01,-1.679902504579026679e-01,-2.435990815731708947e-01,-2.114367114830195127e-01,-2.639570309203888576e-01,-2.892950610848473714e-01,-3.277976863077657899e-01,-3.333466301269395471e-01,-2.692117172222225907e-01,-2.943856638331364683e-01,-2.411949404202736458e-01,-2.072303004952013306e-01,-1.266639033842422435e-01,-1.426297868626155985e-01,-9.211170046643196718e-02,-1.009684266037255557e-01,-3.511607150450987702e-02,-6.249300417137798429e-03,-4.566103418913871476e-02,-3.801150265685684232e-02,-3.909788888603680374e-02,-2.211178899594575323e-03,-4.432875788759190958e-03,-3.156660573114803813e-03,1.603424103064998024e-02
-4.086514544216688916e-01,-4.075257210885933623e-01,-3.888215507759850142e-01,-3.239554273648196925e-01,-3.068370166151842549e-01,-3.416298403531382588e-01,-2.230736338133677277e-01,-1.283107448352632518e-01,-7.658831816713504437e-02,-1.438152529958878767e-01,-1.870811842848743023e-01,-2.231577536126163330e-01,-3.501890872622426265e-01,-3.516113225875789894e-01,-3.655263405871211901e-01,-3.515758091910868299e-01,-3.108540459814277956e-01,-2.275681336770610796e-01,-1.782464665670942250e-01,-1.965299269570970064e-01,-1.245182723209544567e-01,-1.153854249938203874e-01,-1.177470261088580938e-01,-7.157208998699048086e-02,-7.256573654735842815e-02,-6.814480143174456162e-02,-5.964693917957762659e-02,-2.212368461087159399e-02,1.233714194268217303e-02,-5.035383145528722626e-02,1.044625617386941248e-03,-3.452304139090452140e-02,-6.801553403253161878e-02,-9.588227224446564667e-02,-1.479171689692772573e-01,-1.746295237436266967e-01,-2.087900214232931151e-01,-2.065175422084166434e-01,-2.500430464182724077e-01,-3.208457339650524487e-01,-3.351465679196201641e-01,-3.640172604309238613e-01,-3.594073877723406585e-01,-3.701645309768037961e-01,-2.964057404815438335e-01,-2.383573781600361874e-01,-2.168883461529740042e-01,-1.496313645899725042e-01,-1.486509000112954115e-01,-1.263278596506980933e-01,-9.601292131035983612e-02,-5.768329466297509450e-02,-4.365972816308899551e-02,-6.940990698087594335e-02,-4.011746535086667398e-02,-6.771967718413654524e-02,-7.969293081112702182e-02,-8.963906849388414422e-02,-2.388903547547068310e-02
-3.951772524361983341e-01,-3.610030133022943399e-01,-3.342581576206496430e-01,-2.762833687149000572e-01,-2.391691343949645110e-01,-2.893205938686599366e-01,-2.269815534996214024e-01,-1.317027513777732639e-01,-1.096686049885931963e-01,-1.279906610555571200e-01,-1.642280906125722362e-01,-1.998095001221621703e-01,-3.440470576035772332e-01,-3.300952723858995852e-01,-3.365936671690079041e-01,-3.246623362576422367e-01,-2.853585082094925451e-01,-1.967981946530221460e-01,-1.486500864913285480e-01,-1.221143852328734070e-01,-8.783340981126150360e-02,-7.371395494357579903e-02,-8.027668274618683653e-02,-2.348379911172467430e-02,-6.082831838188283713e-02,-3.863910107400993221e-02,-2.046375654887649595e-02,6.623413612850729236e-04,2.253863201179828052e-02,-2.598142224798945243e-02,-2.718587600912257844e-04,-7.265603281213219022e-02,-9.605502246936643840e-02,-1.068906373505919966e-01,-1.113586898916330975e-01,-1.193307631744336822e-01,-1.692293311457597760e-01,-1.835947217412660093e-01,-2.519352561092846332e-01,-3.096618475051201025e-01,-3.352635865463625686e-01,-3.938580935931554339e-01,-3.853763483402756762e-01,-3.705946320433748942e-01,-3.003579473999858362e-01,-2.701191034596789331e-01,-2.306026707925830088e-01,-2.048981925458400188e-01,-1.960827615191899076e-01,-1.521453715269276419e-01,-1.262238526220344770e-01,-7.471665059822756028e-02,-1.078293409161356770e-01,-1.121245371067113444e-01,-1.157375653549016919e-01,-1.195957166316855835e-01,-1.208937620120188183e-01,-1.393495734674080055e-01,-1.244507940110170380e-01
-3.402235289634592541e-01,-3.498354254361348836e-01,-2.991771484515849955e-01,-2.903827738059724939e-01,-2.805972800408538803e-01,-3.167939066428126504e-01,-2.951017660355318428e-01,-2.320773861860596365e-01,-2.060469362106414348e-01,-1.553482519682936325e-01,-2.208200691018106787e-01,-2.477869619354656494e-01,-3.458782968441159178e-01,-3.354961726105650244e-01,-3.544001957979475703e-01,-3.267238540392097268e-01,-2.970227916957377534e-01,-2.132230909338815872e-01,-1.514901008591826026e-01,-1.047783485494533928e-01,-8.244493908045391617e-02,-7.949623390192420147e-02,-4.913737090755221359e-02,3.978809185049793362e-02,-3.977566757169480327e-02,-5.712099916281866696e-02,-5.343125224230776960e-02,-3.327813448608134966e-02,-1.857946315348922225e-02,7.256353116026457648e-03,-4.765845345512115250e-02,-1.134314065529189036e-01,-1.118588593797039676e-01,-7.548668139362513241e-02,-1.002165863709640337e-01,-1.357434659520236619e-01,-1.647930155373932559e-01,-1.809981286953621094e-01,-2.420831172160228528e-01,-3.077068997465871592e-01,-3.475158630700131424e-01,-3.856252043309452149e-01,-4.037499461521308897e-01,-3.952450673562152850e-01,-3.739400616168636060e-01,-3.608601792014484722e-01,-2.943223526673392487e-01,-2.731052125838508426e-01,-2.274559077505006188e-01,-2.057933778849753981e-01,-1.963166395729973035e-01,-2.231874009257362179e-01,-1.653827355561014456e-01,-1.427323546956544564e-01,-1.724865636826556636e-01,-1.600907667926046440e-01,-1.536572423423727962e-01,-2.049439942587246710e-01,-1.583220117256434467e-01
-3.404937730835214116e-01,-3.231260699905568745e-01,-2.974530263829128773e-01,-3.172205798991437620e-01,-2.908455544764232958e-01,-3.432666116113887722e-01,-3.156698590607162069e-01,-2.904951794020109723e-01,-2.409912672474859574e-01,-2.855214446239009440e-01,-2.367613984937001204e-01,-2.635667317671045451e-01,-3.443499361592772812e-01,-3.491993615218005331e-01,-3.657278329058046840e-01,-3.511511008580092685e-01,-3.167256004459730323e-01,-2.090772855217322701e-01,-1.556143943407261310e-01,-1.089024211413755355e-01,-5.678564128257179711e-02,-3.867719272166301320e-02,-3.114854965231778072e-02,1.693759478357787299e-02,-3.045046845882589531e-02,-1.742173689115211754e-01,-2.563729014973078479e-01,-1.219352126007055559e-01,-8.561013198917778733e-02,1.285735531819858120e-02,-2.468942907062301323e-02,-7.064898301873893949e-02,-7.403441458427550970e-02,-8.766706804625550020e-02,-1.169039793862245019e-01,-1.456617183068923405e-01,-1.792498626976168907e-01,-1.961695153667028790e-01,-2.755245733312479683e-01,-3.369686995034388843e-01,-3.880676088657544209e-01,-4.479195426646623845e-01,-4.582623742449062343e-01,-4.427274514569510822e-01,-3.997175944850598905e-01,-3.404793478300250920e-01,-3.215901239743917395e-01,-2.216012672908851400e-01,-1.928046524548186202e-01,-1.791282696608783587e-01,-2.480152289892983697e-01,-2.411817795460438063e-01,-2.197461402797310226e-01,-2.098157461198505158e-01,-2.083114028495694492e-01,-1.815042293311727173e-01,-1.871159544984972722e-01,-2.170557549444238066e-01,-1.765621090673219207e-01
-2.957551641872134263e-01,-2.848676003243674204e-01,-2.704609279559536672e-01,-2.984838302353348682e-01,-3.574101019807149893e-01,-3.403834316359760082e-01,-2.968027777757620833e-01,-3.027421308869163719e-01,-3.570284533894546586e-01,-3.260764999733955505e-01,-2.776305023713425135e-01,-2.764574171986489692e-01,-3.314560899517730586e-01,-2.868645592727689930e-01,-2.800612552102567099e-01,-2.885361478121500345e-01,-2.857916809643071265e-01,-2.103458227511205425e-01,-1.655745289008839216e-01,-1.034668189581904180e-01,-6.020108052153971129e-02,-3.807986665551840039e-02,-1.488738042417939514e-02,-7.498353613980759946e-02,-1.769593765390850559e-01,-4.104253166572188749e-01,-3.829662067668078707e-01,-3.180319431676507103e-01,-1.575906793971022790e-01,-1.266626799278766369e-01,-4.659799367798254932e-02,-1.187112722969140000e-01,-1.124432794332183988e-01,-1.463700159831756720e-01,-1.648805338737474868e-01,-1.507916206535025172e-01,-1.997462933416522812e-01,-2.141643206945265665e-01,-2.887487225715260064e-01,-3.682612302527110137e-01,-4.249395486167378277e-01,-4.585550761021204846e-01,-4.579563537682709295e-01,-3.998704597676023820e-01,-3.637245138259200816e-01,-3.644764939904919787e-01,-3.663319458954890639e-01,-3.123579885799467326e-01,-2.916040710923349932e-01,-2.762243799173018100e-01,-2.711686408132154003e-01,-2.463435875243824846e-01,-2.620923886562665506e-01,-2.553918430437436826e-01,-2.601463261575193697e-01,-2.740072477976766563e-01,-2.837847396077198825e-01,-2.166253143372884882e-01,-1.909721198762192595e-01
