-4.648117123653448535e-01,-4.690947528134249978e-01,-4.666447783607738931e-01,-4.018650890203245840e-01,-4.388264210427626488e-01,-4.637207718766723219e-01,-5.124882494987158532e-01,-4.931246698319733945e-01,-4.770919122153434166e-01,-5.214684150056243528e-01,-5.062998078687298564e-01,-5.058692532536386288e-01,-5.136439361056113206e-01,-4.424640404015428019e-01,-3.976419772024075705e-01,-3.720565578027277276e-01,-3.803360072716642226e-01,-4.867177280389677341e-01,-5.166950801721251763e-01,-5.903757500885438159e-01,-5.307764099734807450e-01,-5.051374666703103422e-01,-5.489532737516078509e-01,-5.624443511792844852e-01,-5.823761240071877454e-01,-5.754638704089423129e-01,-5.786142667460263400e-01,-5.674718203308717346e-01,-5.608177203159215862e-01,-6.217437118590111167e-01,-6.611221113312961695e-01,-6.692991887299113429e-01,-6.521160650366933931e-01,-6.313553560252672670e-01,-6.357867147345126480e-01,-6.226723616904265013e-01,-6.411037500553555812e-01,-6.397824320585611124e-01,-6.102451866052798213e-01,-5.709222652391565678e-01,-5.774855941426793038e-01,-5.445415972389239245e-01,-5.093043430893456902e-01,-4.920931053094526053e-01,-4.808729040890902806e-01,-5.100440659316862746e-01,-4.928368561490731881e-01,-5.131841301080266593e-01,-5.185205671924610904e-01,-5.294950910530732413e-01,-5.174544208129362444e-01,-5.502425764833862587e-01,-5.381366835846495000e-01,-5.520380997730917061e-01,-5.668639325028768106e-01,-5.538919550786117751e-01,-5.309801627357333409e-01,-5.476734191839243149e-01,-5.551997752248187812e-01
-4.007059416126201312e-01,-4.406962672618724430e-01,-5.013978939316328098e-01,-4.302812988324182242e-01,-4.734068718686267330e-01,-4.616334803809200582e-01,-4.387252775701818153e-01,-4.681321932810095232e-01,-5.280767828016049714e-01,-5.631381283066649868e-01,-5.990131251729202688e-01,-5.719602050240805147e-01,-5.371883359123797996e-01,-4.559761051953863387e-01,-4.024553071234707735e-01,-3.655556105319851534e-01,-3.807437374678691588e-01,-4.473963526822145598e-01,-4.909643417446040714e-01,-5.626333538207924923e-01,-5.306517726318579209e-01,-4.769518540076165269e-01,-5.665789087071263497e-01,-5.815241670655121320e-01,-6.299530350159158187e-01,-5.900902223785158274e-01,-5.799419821291669219e-01,-5.728108807620647669e-01,-5.685771196417901407e-01,-6.354510760872448261e-01,-6.676764695796052473e-01,-6.726360492926269918e-01,-6.563416191060246208e-01,-6.626269333385822469e-01,-6.588858328230693395e-01,-6.551869387234837694e-01,-6.483761221503050454e-01,-6.470534226899385954e-01,-6.249245426214024013e-01,-5.879090768577972526e-01,-5.760325755726820596e-01,-5.302979650690390345e-01,-5.040781167918659822e-01,-4.999692909840249833e-01,-4.842146949363166364e-01,-5.012708538775991762e-01,-4.848153763449369325e-01,-4.953806166190625748e-01,-5.130394626601274544e-01,-5.255698362338896423e-01,-5.308552455357745670e-01,-5.457211790552152220e-01,-5.344784796915824643e-01,-5.465947133027208027e-01,-5.622703722075049759e-01,-5.489238351529470705e-01,-5.290145474137177839e-01,-5.592100918393302367e-01,-2.486799051893888099e-02
-4.018700516354480334e-01,-5.045708463096031382e-01,-5.301495886484698383e-01,-4.636169990907091920e-01,-5.004130593626803236e-01,-4.976541427112648464e-01,-4.863050118958150425e-01,-5.744217226444153779e-01,-6.622619535881431041e-01,-6.759579988841305509e-01,-4.923185382642301655e-01,-4.347006174987572691e-01,-4.309938744067544070e-01,-4.021258910723422564e-01,-3.829725352956969142e-01,-3.591927795844223614e-01,-3.890967097340802816e-01,-4.346753742771775619e-01,-4.436481104612874371e-01,-4.755151919243275627e-01,-4.806760231108548331e-01,-4.628456651990131010e-01,-5.140950496289573568e-01,-5.385445597169538079e-01,-5.841573855752477673e-01,-5.495591514533771926e-01,-5.760610686996261443e-01,-5.962043782567331140e-01,-6.070255864049425298e-01,-6.360486597092309680e-01,-6.654843352969905812e-01,-6.630171557747532862e-01,-6.592856961229752732e-01,-6.672914646014578288e-01,-6.536285406328474767e-01,-6.480316274684176925e-01,-6.358183666178818250e-01,-6.365472384539812012e-01,-6.098494704938276501e-01,-5.807695656381441918e-01,-5.483478940053541084e-01,-5.445279574011977486e-01,-5.227598883279062081e-01,-5.135866871926575428e-01,-4.977385152214596209e-01,-4.814386662180566989e-01,-4.764464921310470058e-01,-4.874911388784561317e-01,-5.233895886545625320e-01,-5.330458844247477623e-01,-5.411080011608410123e-01,-5.455224979776468475e-01,-5.494057908065580476e-01,-5.656612845485251562e-01,-5.747019766614290814e-01,-5.515885279781028716e-01,-5.313914712989904476e-01,-5.485996487371214148e-01,2.227171461085192955e-02
-4.950465508956537475e-01,-5.866667513030680015e-01,-5.874138875060347376e-01,-5.451288310414732496e-01,-5.574137310665722156e-01,-5.829979023309400654e-01,-6.140495459101182885e-01,-6.444903286461820535e-01,-6.491926125377275314e-01,-5.876780878902168048e-01,-4.561600029311667637e-01,-3.646688732268397182e-01,-4.087996261437222834e-01,-4.100684189652711309e-01,-3.959259800557968223e-01,-3.496893832069862262e-01,-3.932820179131026883e-01,-4.486532201957618704e-01,-4.078056943364161691e-01,-4.514618951449841933e-01,-4.711225878679768386e-01,-4.719656421550217917e-01,-5.085793698396423590e-01,-5.121401391614200937e-01,-5.542866722232194787e-01,-5.874489333481519582e-01,-5.698077870008326773e-01,-5.762111823241231612e-01,-5.693460177072987571e-01,-5.927938755177549757e-01,-6.468992524569793234e-01,-6.435143107234079229e-01,-6.370072202284584595e-01,-6.260264039246756784e-01,-5.925285091652396918e-01,-5.919983222081021124e-01,-6.095329287039977784e-01,-5.921152165098151343e-01,-5.934151705305208413e-01,-5.830012447279558918e-01,-5.611838065355029270e-01,-5.480055502459562078e-01,-5.270170841811625539e-01,-5.191536423891049967e-01,-4.780941971142329550e-01,-4.745195044886219571e-01,-4.776204070941054702e-01,-4.866554669321239146e-01,-5.381142447556241937e-01,-5.390550878048461225e-01,-5.429425307685757929e-01,-5.467375087636325848e-01,-5.662507684530803109e-01,-5.732915656022697926e-01,-5.802403224517734825e-01,-5.534284027759593938e-01,-5.287817581242855169e-01,-5.824531527392241559e-01,-1.056044878032687678e-01
-5.150127452105264236e-01,-6.175765080318388334e-01,-6.043510997005149266e-01,-5.559325455854028375e-01,-5.662666656573651647e-01,-6.011531683190096675e-01,-6.301952673642537972e-01,-6.429022470870775496e-01,-7.154355009680108957e-01,-6.003599823824826709e-01,-4.755151813095718771e-01,-3.814610794318792353e-01,-4.246992849462708497e-01,-4.338001913584335623e-01,-4.405153549201710206e-01,-4.092723398009431857e-01,-5.581287465031444794e-01,-5.052461618544632493e-01,-4.984669938543187517e-01,-4.343574867430064490e-01,-4.557176427119943862e-01,-4.512395358039875126e-01,-5.064291286811284376e-01,-5.216120637632407631e-01,-5.241809981796607953e-01,-5.588033467708009017e-01,-5.530622381867089654e-01,-5.829222115438746910e-01,-5.786119990013098846e-01,-5.887963535914576552e-01,-6.263369419244551040e-01,-6.451827381706912723e-01,-6.239415645313699521e-01,-6.205754768551922096e-01,-6.087896858605170713e-01,-5.950471233441168017e-01,-5.964170383764580974e-01,-5.873220991450555095e-01,-5.596338243200503770e-01,-5.437914235660641360e-01,-5.308744776083168526e-01,-5.441606057492845983e-01,-5.203534317626921091e-01,-5.270397526581449554e-01,-4.910746172544930288e-01,-4.699076098092149212e-01,-4.713993908123999543e-01,-4.920219612127234576e-01,-5.133951683121824594e-01,-5.176574307550196874e-01,-5.558203926413349816e-01,-5.678069863575124776e-01,-5.830830373006594680e-01,-5.851897846555720317e-01,-5.919379957512187485e-01,-5.853752345110159183e-01,-5.680873110363207079e-01,-5.869391067256733985e-01,-9.577868528448749141e-02
-5.406900668018923550e-01,-5.212810413250760222e-01,-4.471741248734107943e-01,-6.498623695054235316e-01,-5.552635137182972969e-01,-5.955739295453534865e-01,-3.973818907254578758e-01,-3.721931814659908966e-01,-3.735956169411897010e-01,-3.514227402391166821e-01,-4.699904292957718943e-01,-4.245069982433241074e-01,-4.577783363979598397e-01,-3.260568178110447857e-01,-5.169030172774339293e-01,-5.076544458616759625e-01,-7.351167347862084256e-01,-5.517156528507934921e-01,-4.585281608426042821e-01,-5.354474097494911211e-01,-5.340409613781735843e-01,-4.961596989755432952e-01,-4.822004610288190829e-01,-5.314668017635990616e-01,-5.284548799224842996e-01,-5.450882044892242373e-01,-5.851780165925162258e-01,-5.932489854710799593e-01,-5.891948931539360279e-01,-6.230295582266089927e-01,-6.434382048014796185e-01,-6.526394613606044670e-01,-6.350932555535150348e-01,-6.147594788965663470e-01,-6.230576221504130485e-01,-6.070991621734728172e-01,-5.968451768045369699e-01,-5.893073754740291159e-01,-5.648336470008353816e-01,-5.574182591717761204e-01,-5.621302851626147623e-01,-5.562282213785103568e-01,-5.345178478463676885e-01,-5.098692482772329004e-01,-4.927091847305937189e-01,-4.765800158869568648e-01,-4.776335786542826867e-01,-4.864300985984881809e-01,-5.158207584122894707e-01,-5.029385894978178895e-01,-5.403008449052654205e-01,-5.965229401781761975e-01,-5.902248974467505516e-01,-5.986795827026915040e-01,-5.948660088040366167e-01,-5.975766835840404800e-01,-5.805543703696485203e-01,-5.978484984240334255e-01,-2.259296406141238500e-01
-5.636587788836172619e-01,-6.212132093115404485e-01,-5.653454841756460070e-01,-4.734073266797959034e-01,-5.766087142624403139e-01,-6.037946513196069676e-01,-4.647929699692796568e-01,-6.808700623023709042e-01,-6.641112511690917541e-01,-5.541983055772609079e-01,-4.111533279403869479e-01,-4.447622379221485289e-01,-4.757326596477455261e-01,-3.362612693409425813e-01,-5.170306187051704194e-01,-5.267369160600315903e-01,-5.743620451043260910e-01,-5.580376277755053627e-01,-6.237598991532854464e-01,-4.657431424200768055e-01,-5.790646955255750461e-01,-5.618839889771053420e-01,-5.187692488640234245e-01,-5.389846722774660481e-01,-5.256579496475639601e-01,-5.463076096327148523e-01,-5.916519052383003574e-01,-6.010570474896614890e-01,-6.271430660963710491e-01,-6.663016099887436594e-01,-6.481623360898790542e-01,-6.587911135573165655e-01,-6.227144551352118418e-01,-6.341534161518930235e-01,-6.402000593363936787e-01,-6.213986174420420561e-01,-6.062919680141887202e-01,-5.947042708920792231e-01,-5.943694518417287354e-01,-5.811639201483261852e-01,-5.663372484165595244e-01,-5.549522707173472069e-01,-5.287443202519368501e-01,-5.148400082186230797e-01,-5.097796672160324061e-01,-4.981072597908669519e-01,-4.856572462511924426e-01,-4.843337013306002192e-01,-5.004316393140525454e-01,-4.869483056191259429e-01,-5.291526707178269007e-01,-5.898399755187191396e-01,-5.958032267867710008e-01,-5.995804889262140724e-01,-6.101162680144410766e-01,-6.278755426424560415e-01,-6.157318806184416404e-01,-6.214937554882034032e-01,-2.591874758980811655e-01
-5.576159080544419444e-01,-6.162660875363261681e-01,-5.699699232228558898e-01,-4.777234904503170898e-01,-5.722790983662207065e-01,-5.780031296755410164e-01,-4.674518838887865568e-01,-6.641666618805631694e-01,-6.524056064697916213e-01,-5.436243412829653288e-01,-4.134189400265183556e-01,-4.440089199799883146e-01,-4.762492305608554966e-01,-3.491434157674841998e-01,-5.179066514081286376e-01,-5.405212038691729060e-01,-5.658091181793361013e-01,-5.595015565290690773e-01,-5.888820353255210804e-01,-5.161973098945956684e-01,-5.798728771199138654e-01,-5.429249829764432045e-01,-5.212330316580512379e-01,-5.571414001394019433e-01,-5.479191464453604388e-01,-5.563715687540085053e-01,-5.843469853848209938e-01,-5.958074911941019236e-01,-6.328756422379591129e-01,-6.689935154534621953e-01,-6.480977815561220767e-01,-6.424935712230032125e-01,-6.260679499784039814e-01,-6.526369010809829341e-01,-6.475876243710501079e-01,-6.360520506486485592e-01,-6.316017704103534802e-01,-6.244185409211050475e-01,-6.206869998242304787e-01,-5.915545457940576402e-01,-5.551592261793139027e-01,-5.526846922095433046e-01,-5.284866602465394525e-01,-5.419323176073778114e-01,-5.462384491740145398e-01,-5.245875304830874830e-01,-5.187399962132045461e-01,-5.182053834677586845e-01,-5.062728093951588404e-01,-4.903995807786101224e-01,-5.209581708853409099e-01,-5.669438399400104078e-01,-5.783785601351615346e-01,-5.884669126802770656e-01,-6.033925986193273694e-01,-6.303595819692831004e-01,-6.180606668499794010e-01,-6.352272019475209142e-01,-6.152661764918556653e-01
-6.090996556515840821e-01,-6.554010690463194511e-01,-6.199815327923389185e-01,-5.119396884199969300e-01,-5.868051674523295791e-01,-5.980136131910657182e-01,-5.497856932755665893e-01,-5.609360796156442897e-01,-5.680866154737606033e-01,-5.588352727670181652e-01,-4.914504719082556372e-01,-7.172396072871815020e-01,-6.865053328795137633e-01,-5.298328441874894379e-01,-5.755119766236116430e-01,-6.131290541832710161e-01,-6.543082523757332014e-01,-6.380251745823767306e-01,-6.103915208194682362e-01,-5.970996927113193520e-01,-5.475253304568338253e-01,-5.289151246136629680e-01,-5.270775330914330148e-01,-5.491781852714459067e-01,-5.638631493940137185e-01,-5.452820677616084799e-01,-5.855786790885852966e-01,-5.949767305383435456e-01,-6.234343447729802090e-01,-6.535411658429812753e-01,-6.137474920839728343e-01,-6.156020086453527496e-01,-6.186456812564149477e-01,-6.425353580189214764e-01,-6.539807090307361293e-01,-6.190150685012927312e-01,-6.188017321582744978e-01,-6.076160119568750906e-01,-6.297797202951074258e-01,-6.095242615526410557e-01,-5.799114396428626250e-01,-5.551297296400751202e-01,-5.346000953278088330e-01,-5.461229488513209551e-01,-5.399196486414171714e-01,-5.375465481943477730e-01,-5.263244573347425348e-01,-5.420398548901342872e-01,-5.290082689801532956e-01,-5.140710534967094514e-01,-5.206120567335286164e-01,-5.403348873852904521e-01,-5.879896633240969672e-01,-6.015488749035613480e-01,-6.256607384796125659e-01,-6.246210403881540252e-01,-6.110175615096168356e-01,-6.187389473649967941e-01,-6.249742648173568504e-01
-4.646546289721141809e-01,-5.883763241886178497e-01,-5.392228436773425226e-01,-4.931646001466056806e-01,-5.961149028378468495e-01,-6.156125426676921641e-01,-5.759192244710908959e-01,-5.161648458139457274e-01,-5.311155241771617908e-01,-3.996425620431407477e-01,-5.069556325759373427e-01,-6.035367058997024303e-01,-6.021966736663203479e-01,-4.399328621108638537e-01,-5.205295547881941820e-01,-5.130161446668174419e-01,-7.724508252575660316e-01,-6.542831238012145612e-01,-5.730348571932856183e-01,-5.339213183513789041e-01,-5.060117396877971130e-01,-5.016459036436482499e-01,-5.037021369573344565e-01,-5.270053451437819447e-01,-5.496842871721704382e-01,-5.507494382240620823e-01,-5.877224332127629625e-01,-5.859148662719710909e-01,-6.260954298759824344e-01,-6.352865943912751057e-01,-6.030628971213776168e-01,-6.237124431806725378e-01,-6.280268828235121559e-01,-6.405945789118824285e-01,-6.547059761158305902e-01,-6.411538099947724501e-01,-6.477140407317319992e-01,-6.318093189497074880e-01,-6.334069893267949558e-01,-6.185778690516582357e-01,-5.779341871136484121e-01,-5.601039127564800824e-01,-5.472055112892771911e-01,-5.570449248531316178e-01,-5.547580676917450715e-01,-5.440800858821592811e-01,-5.154844086110190737e-01,-5.239365040795851414e-01,-5.340612453619334454e-01,-5.168954504406788608e-01,-5.372096103642791665e-01,-5.520927491489826533e-01,-5.996981013539824934e-01,-6.020001267244037280e-01,-6.005533301237711008e-01,-6.245907088999792522e-01,-6.189077045060842330e-01,-6.337976747785601939e-01,-6.215480837800279046e-01
-4.565932691589643100e-01,-5.786727964540874236e-01,-5.428620368209607916e-01,-4.895653249409508412e-01,-5.943067210937615918e-01,-6.163772710910807584e-01,-5.737775266862321644e-01,-5.208687087011703021e-01,-5.244467164055290898e-01,-4.174581192303478683e-01,-5.080477940847287766e-01,-6.122864578435633920e-01,-6.150277614400995185e-01,-4.397376156529687607e-01,-4.883188247052038800e-01,-4.775447902131539357e-01,-6.362887195006011742e-01,-5.399234174222166116e-01,-4.803743389551793364e-01,-4.821977232979630101e-01,-4.879010675136946085e-01,-4.815559360923505339e-01,-4.902089213663659018e-01,-5.252740765266972200e-01,-5.268864856260603302e-01,-5.278899879196007339e-01,-5.496720506210092116e-01,-5.772242098919436737e-01,-5.921125520484205040e-01,-5.884023619710858632e-01,-6.298886081381892543e-01,-6.378855189094180256e-01,-6.390517870539643708e-01,-6.226269164731834671e-01,-6.404097763051710412e-01,-6.366962091784815758e-01,-6.375579504963158062e-01,-6.590865534136401971e-01,-6.555979066680129863e-01,-6.262477793899533518e-01,-6.156662006566196998e-01,-5.701452434862178675e-01,-5.438108749286320043e-01,-5.346751806578609045e-01,-5.463717542697690277e-01,-5.263073399479449854e-01,-5.087235494407139624e-01,-5.313019996596592964e-01,-5.459214681775170774e-01,-5.338351761565314213e-01,-5.316078185599191208e-01,-5.575928923837072393e-01,-6.104461222856198965e-01,-6.095929574243785787e-01,-6.018566860368933513e-01,-6.236398342012725582e-01,-6.164135403164562321e-01,-6.178069394995120422e-01,-6.060017907528034709e-01
-4.620491977825894603e-01,-5.764140458357015495e-01,-5.527488869019726581e-01,-4.725765564531320129e-01,-4.865415107982418719e-01,-4.983535798852057330e-01,-4.166113677850074026e-01,-3.612149880316950501e-01,-3.670558245196564040e-01,-3.786455165776390075e-01,-4.129969719031306163e-01,-4.069922489581977998e-01,-4.275323636305427555e-01,-4.832829935222048290e-01,-4.823973914285900610e-01,-4.685983369356088724e-01,-5.321437677615198369e-01,-5.699159241762778993e-01,-5.096166526601888513e-01,-4.823121490640491782e-01,-5.132912594589045252e-01,-5.072242184316206881e-01,-5.277616424596551781e-01,-5.227659407021316706e-01,-5.211798921485684133e-01,-5.301548781666562959e-01,-5.361444434183205709e-01,-5.363576724228521497e-01,-5.567105684431782331e-01,-5.805380398175622458e-01,-6.302429534265038269e-01,-6.288028262274826252e-01,-6.138581578114222781e-01,-5.982114398323085114e-01,-6.063324513623388201e-01,-6.173186204171533520e-01,-6.252389253325736362e-01,-6.491608453716560811e-01,-6.602222213835785558e-01,-6.333208092562850888e-01,-6.276075762288702009e-01,-5.852859436417587879e-01,-5.413600156836509969e-01,-5.407966524502704209e-01,-5.393427831917290138e-01,-5.373201129580822411e-01,-5.265806030850267438e-01,-5.301332516288131957e-01,-5.444648310835288330e-01,-5.093137120298827369e-01,-5.255403163076859396e-01,-5.848609374985512810e-01,-6.207317166631955985e-01,-6.244207964171026859e-01,-6.123268127946367434e-01,-6.114807790518023145e-01,-6.139405873379203404e-01,-6.215618940554740179e-01,-5.891529956964859371e-01
-5.048713455822241292e-01,-4.736636157754917642e-01,-4.368894917071598494e-01,-4.102396434016578608e-01,-4.313190055664900546e-01,-4.514158418362366754e-01,-5.142214729237056803e-01,-3.960692668736315869e-01,-4.048573171232734413e-01,-3.640694543552597251e-01,-4.825535237768107111e-01,-4.534984273857890491e-01,-4.654315264424642717e-01,-4.672455893827502371e-01,-5.089398272445451177e-01,-4.871295687212255365e-01,-5.477483935074154431e-01,-5.001435245994071410e-01,-4.694091304777508467e-01,-4.967043624516406797e-01,-5.081180743661730670e-01,-5.098960913178940402e-01,-5.093897151962990533e-01,-5.165302836510430318e-01,-5.137736544655268078e-01,-5.243017312876876446e-01,-5.573383353148494423e-01,-5.461946874398282414e-01,-5.550117921526822595e-01,-5.775264695963011619e-01,-5.891458205210473587e-01,-6.097729889100216294e-01,-6.047938320813806001e-01,-6.122489415922029998e-01,-6.101368219109553070e-01,-6.227094515783834217e-01,-6.183056314488295513e-01,-6.330769411984550343e-01,-6.367976665751092780e-01,-6.266141743844094725e-01,-6.114357309046279942e-01,-5.653700138959215638e-01,-5.456774094684466725e-01,-5.482559329022639316e-01,-5.489768913659891503e-01,-5.461086179956106124e-01,-5.497006009927078996e-01,-5.641469999373390776e-01,-5.461998963441764277e-01,-5.214493848054578828e-01,-5.149789272879040647e-01,-5.875401332999035109e-01,-6.263417414848549969e-01,-6.272169954796380509e-01,-6.255752279270273553e-01,-6.507731362058346569e-01,-6.460857631224851128e-01,-6.598786643932540441e-01,-6.177247878260382352e-01
-5.732224731854190791e-01,-5.158170078150303706e-01,-5.016624404106116986e-01,-4.926207326477064496e-01,-4.240514735771231392e-01,-4.510669816167804935e-01,-4.888208838934857692e-01,-4.831906946461811958e-01,-4.836673484912071830e-01,-4.529157919114776276e-01,-4.604460278814819230e-01,-5.079123663777008746e-01,-4.807629670256140519e-01,-4.517146168013246310e-01,-4.680976240799359922e-01,-4.629613851719176498e-01,-5.213966289551646982e-01,-5.081048747868608384e-01,-4.920936037896568305e-01,-4.697499148169371197e-01,-4.882680200711470575e-01,-4.946323115389020253e-01,-5.009133976484636541e-01,-5.117570103871031950e-01,-5.064678979396782799e-01,-5.109097028062304924e-01,-5.327513646134895975e-01,-5.232635785995064515e-01,-5.416367539271444986e-01,-5.589794338586555611e-01,-5.470119880653928623e-01,-5.689739762535110934e-01,-5.860067137677266169e-01,-5.911655952682001169e-01,-6.146035810529107968e-01,-6.080653240975626428e-01,-5.993574609568310674e-01,-5.896975481368328387e-01,-6.058498625579146202e-01,-6.196623487183280377e-01,-5.911085598432120891e-01,-5.713703381595360842e-01,-5.594734838396699939e-01,-5.481381491832937325e-01,-5.434024272923112520e-01,-5.478818246733189179e-01,-5.400586877834715471e-01,-5.457912227184098519e-01,-5.574949481655678829e-01,-5.282467420789644930e-01,-5.179115132055575055e-01,-5.526049358116477128e-01,-5.821779362558385795e-01,-5.973048190814425062e-01,-6.247711831846973762e-01,-6.473210874068390241e-01,-6.417413108429484980e-01,-6.459793508456475042e-01,-6.261811057839087313e-01
-5.513726495937486538e-01,-4.987111368623442509e-01,-4.822546332009995940e-01,-4.738891990855534364e-01,-4.099213093305136280e-01,-4.307912243150784359e-01,-4.706789227868741210e-01,-4.714151392097371551e-01,-4.944899981032460090e-01,-4.496705494007104953e-01,-4.689965795760047684e-01,-4.925423460668144071e-01,-4.711057959276575002e-01,-4.548689657071460224e-01,-4.693664286588453138e-01,-4.511829702888798810e-01,-5.033846949823865824e-01,-4.914575352139268216e-01,-4.895150115208401487e-01,-4.767239549246241048e-01,-5.030457121175291313e-01,-5.132863045945993408e-01,-5.165705438619468959e-01,-5.106980678367986082e-01,-5.159784153416573371e-01,-5.167392009546811771e-01,-5.268124856201601425e-01,-5.348831501006370281e-01,-5.497249005452448101e-01,-5.697242564638058671e-01,-5.704520132126748022e-01,-5.757120691885678765e-01,-5.766278454169899703e-01,-5.912073917433153802e-01,-6.105248544040725589e-01,-5.907617062793975027e-01,-6.011799721923347661e-01,-5.952311614792438199e-01,-5.732883736597474966e-01,-5.834836745102635058e-01,-5.707641938335826781e-01,-5.773776291128968063e-01,-5.660541622586681143e-01,-5.497619392139772021e-01,-5.439392659930528673e-01,-5.572053321147290017e-01,-5.365517793387637457e-01,-5.544379036997200139e-01,-5.703492566244532380e-01,-5.502003971978897123e-01,-5.243597134352909750e-01,-5.128436434630135876e-01,-5.745010760684697848e-01,-5.739135987552999030e-01,-6.437195306269035688e-01,-6.355558706848959405e-01,-6.215484003143015856e-01,-6.232109271626162794e-01,-6.478315134112755391e-01
-4.902628527914229539e-01,-5.027499454055601724e-01,-4.874565802275463988e-01,-5.228908244133220196e-01,-4.795953673445479959e-01,-5.000521466943782523e-01,-4.955944016342805902e-01,-4.980806138276010486e-01,-5.082970381198489429e-01,-5.269183924973701583e-01,-4.848545421127322119e-01,-4.732451909741628993e-01,-4.612168432429466502e-01,-4.482496678410758384e-01,-4.716164796845349616e-01,-4.476155657747591388e-01,-4.458510667634782987e-01,-4.524462473606547519e-01,-4.611429604445779207e-01,-4.666327479635583031e-01,-5.026890679029401010e-01,-5.095681453397804539e-01,-5.182713511367597059e-01,-5.188673737821298815e-01,-5.235789711817863123e-01,-5.302985850244154031e-01,-5.234304062822101589e-01,-5.230380131016568734e-01,-5.531795598587548879e-01,-5.842633277463666897e-01,-5.851463792231137440e-01,-5.915862562540241676e-01,-5.985976918116430179e-01,-5.880903814411454489e-01,-6.049568217226537481e-01,-6.211421702520113497e-01,-6.300278676009505308e-01,-5.936322970660504739e-01,-5.608534939096385674e-01,-5.567036223928983896e-01,-5.617076126021941507e-01,-5.553849920527426098e-01,-5.560880834366546122e-01,-5.575552020777078122e-01,-5.382514420183849291e-01,-5.275422649341788839e-01,-5.413151379764455928e-01,-5.654416872249289350e-01,-5.678545166434421088e-01,-5.506267069119065161e-01,-5.255101039545119201e-01,-5.177013686897197209e-01,-5.600182943403686497e-01,-5.665864053254422439e-01,-6.089601197054262949e-01,-6.465899787495446027e-01,-6.411520635795465717e-01,-6.430715022569053474e-01,-6.375685669291344393e-01
-4.970082349548964329e-01,-4.988654139349142924e-01,-4.935771851194555859e-01,-5.261212949700374564e-01,-5.151236537495651469e-01,-5.282528030515908357e-01,-5.067037599180918006e-01,-4.803662083310618613e-01,-4.820609266109503466e-01,-4.464945671792089343e-01,-4.784678149640020361e-01,-5.100316985687726179e-01,-4.978266130664312228e-01,-4.782339986823317401e-01,-4.596897189516808702e-01,-4.474429410837355570e-01,-4.400641521786765598e-01,-4.649054107738378461e-01,-4.734985856777723101e-01,-4.865762239849207305e-01,-4.956007020521010498e-01,-5.004037596441460733e-01,-5.268178222332028371e-01,-5.356469752036295828e-01,-5.438375871714042908e-01,-5.456347884514012314e-01,-5.429069631214672453e-01,-5.470745405624675151e-01,-5.520452376696877161e-01,-6.213086198813569938e-01,-6.128810093514485136e-01,-6.048792193353006441e-01,-6.199702725796968350e-01,-5.997620699896659691e-01,-6.063890385473528211e-01,-6.092680577244349305e-01,-6.149658996024347513e-01,-6.044985222140391024e-01,-5.922294196030227775e-01,-5.784591070878957186e-01,-5.672564394654719955e-01,-5.543342372756712155e-01,-5.609896318745778432e-01,-5.402876052628107217e-01,-5.188702868916724720e-01,-5.223711282152952995e-01,-5.420015475067609945e-01,-5.816039108578200389e-01,-5.516693817489654039e-01,-5.302060158132484435e-01,-5.208794489118506732e-01,-4.938943617595108471e-01,-5.563092633822875888e-01,-5.598480476587115451e-01,-5.968886426708522874e-01,-6.205035147448134669e-01,-6.244014321840251069e-01,-6.389139671518004882e-01,-6.368215328272637255e-01
-4.905786652503090206e-01,-4.846469745599025214e-01,-4.789051202822472431e-01,-5.057840010638130490e-01,-4.980227684740693439e-01,-4.925886985309622657e-01,-4.771060067017597328e-01,-4.573914446042911530e-01,-4.598623869462613589e-01,-4.615586243186688420e-01,-4.655933282694669773e-01,-5.004418412207776168e-01,-5.040683480649073012e-01,-5.318089914477888147e-01,-4.972701489132279606e-01,-4.679740620653686234e-01,-4.595991137130424620e-01,-4.755857373440686708e-01,-4.747651926989351345e-01,-4.932749467796591070e-01,-5.055181071642060875e-01,-5.136890091951270554e-01,-5.345759851476543645e-01,-5.384110402238128090e-01,-5.440230429186164729e-01,-5.492453537085492110e-01,-5.299833055476053101e-01,-5.419113221649894951e-01,-5.527533775201635136e-01,-5.644121457832822486e-01,-5.935542034456169347e-01,-6.407388476274368250e-01,-6.336515166110290309e-01,-6.060331350451401144e-01,-6.121101502231421909e-01,-6.089391315855454678e-01,-6.206045915670970192e-01,-6.172837612345933866e-01,-6.069566951126066368e-01,-5.920807462257247078e-01,-5.822969791073041579e-01,-5.824733538258521914e-01,-5.457673119158027442e-01,-5.357307792053869200e-01,-5.254507713771403576e-01,-5.327244093223377774e-01,-5.571633459436610147e-01,-5.649438549068619420e-01,-5.616785999657876172e-01,-5.420621633690781982e-01,-5.248435145207162034e-01,-5.091956676396862669e-01,-5.621918580460629755e-01,-5.758758844738914862e-01,-6.053554989900965522e-01,-6.206930908191496954e-01,-6.253185874731865823e-01,-6.404022504146719141e-01,-6.523462528417818262e-01
-4.694849125336342244e-01,-4.839056316573558392e-01,-4.814599136257363687e-01,-4.980784715259206630e-01,-5.179831269668596638e-01,-5.227923457412879671e-01,-5.225804097691606476e-01,-4.988432946816114266e-01,-4.963893410985777410e-01,-4.959180013203591808e-01,-4.896010321117401642e-01,-5.040462905224681878e-01,-5.159419992920688536e-01,-5.204597592099489134e-01,-5.218740440941025405e-01,-4.874524302884313820e-01,-5.069860432369475145e-01,-4.883271850211176046e-01,-4.937712394619366840e-01,-5.007237095261043436e-01,-5.222058459468783553e-01,-5.273690575209555309e-01,-5.732592284396458293e-01,-5.657935509423699383e-01,-5.654159726277100395e-01,-5.498795726990163280e-01,-5.536548861244137143e-01,-5.401611290134787913e-01,-5.583622637289995527e-01,-5.589227112557312305e-01,-5.809943472456896574e-01,-6.053835666458853293e-01,-6.311246125354190717e-01,-6.301998371038127766e-01,-6.144821181554271927e-01,-6.339675120550468668e-01,-6.209681569292815340e-01,-6.005502860231938245e-01,-5.821836454855646714e-01,-5.606884588148158821e-01,-5.520190198263282833e-01,-5.601335240663573023e-01,-5.602737900933458803e-01,-5.547074309520410029e-01,-5.667818103835028376e-01,-5.514685072265016474e-01,-5.556893492242287458e-01,-5.492218778387848444e-01,-5.847229251058078114e-01,-5.435498833792449247e-01,-5.245630409850428055e-01,-5.284229676802991715e-01,-5.265698719910252290e-01,-5.517318423827896057e-01,-5.734110275949803048e-01,-6.059581998514762535e-01,-6.088871033354362750e-01,-6.182600908825311992e-01,-6.317296809719302741e-01
-4.777495533658544513e-01,-4.887314605671476131e-01,-4.839366051204500030e-01,-4.926835971358730082e-01,-4.971365138337002776e-01,-4.993789465718981857e-01,-5.130363876985845062e-01,-4.932716191247475956e-01,-4.986579697907639330e-01,-5.056857917403896341e-01,-4.893272876506886693e-01,-4.838199300156810212e-01,-4.932961560254167099e-01,-5.218065958508421032e-01,-5.167241904895977234e-01,-5.326953177456816846e-01,-5.079843593312901584e-01,-4.860222294864949832e-01,-4.897288275095278975e-01,-5.083660332756718692e-01,-5.304157854758205781e-01,-5.362190050407251718e-01,-5.609758150606806160e-01,-5.801006873409003672e-01,-5.853153917599694944e-01,-5.996212546673506116e-01,-5.626083796062842923e-01,-5.537197692445353647e-01,-5.768254765408389328e-01,-5.904335328015767326e-01,-5.845825870518935874e-01,-5.992061149490902627e-01,-6.244100995267538590e-01,-6.398422260967783215e-01,-6.444517214721439125e-01,-6.720719437639061100e-01,-6.538366045817138872e-01,-6.400277287777340618e-01,-5.992130293495876447e-01,-5.759562265019781968e-01,-5.483863814792137026e-01,-5.578093358957338932e-01,-5.649254126970622014e-01,-5.499027290434512771e-01,-5.119428615056468290e-01,-5.269730305676799675e-01,-5.299398731532642959e-01,-5.401944774934378524e-01,-5.587593184551963299e-01,-5.456987810760236535e-01,-5.471828666384157547e-01,-5.377852426502340855e-01,-5.468967045428331231e-01,-5.461306673871977324e-01,-5.778436443261874000e-01,-6.133383090605024623e-01,-6.129804226472738149e-01,-6.246272840968806195e-01,-6.206813990464101760e-01
-4.460560448969439484e-01,-4.644680687250043460e-01,-4.759704180354885072e-01,-4.920171178669198175e-01,-4.918379457321109260e-01,-4.995221243422823254e-01,-5.116801902470961005e-01,-4.912896640732729581e-01,-5.020018929318544876e-01,-5.077753699148785937e-01,-4.951259460828473236e-01,-4.842418168130028233e-01,-5.005472999100837317e-01,-5.000825937791877340e-01,-5.020664917602890576e-01,-5.588995219496334377e-01,-5.208126349811597056e-01,-5.023750945626562769e-01,-4.923687400997214803e-01,-5.160236650831604432e-01,-5.422619724184823964e-01,-5.516902425914426145e-01,-5.696155754660596759e-01,-6.008593553235718199e-01,-6.053765885878129582e-01,-6.158879401239131246e-01,-5.696645502940395067e-01,-5.697226327912747745e-01,-5.914631884142190765e-01,-6.035192827334120436e-01,-5.920919743934749402e-01,-6.024686511788643895e-01,-6.272379916204449124e-01,-6.554253497224228342e-01,-6.735848197247874536e-01,-6.792449294610295452e-01,-6.461630738276035180e-01,-6.486857859905603707e-01,-6.126916639736627035e-01,-6.013487461725139926e-01,-5.687656134030378841e-01,-5.600020552105956506e-01,-5.568216242798391669e-01,-5.321181617668520047e-01,-5.053343183660231608e-01,-5.170066090242614321e-01,-5.046412787481083795e-01,-5.277815805367275237e-01,-5.530504847652001343e-01,-5.510567676691542349e-01,-5.466052391914186792e-01,-5.341726033396326789e-01,-5.502340409166290858e-01,-5.484567731001052104e-01,-5.768230047421425422e-01,-6.104103079880106586e-01,-6.121210406928111469e-01,-6.145043908991012493e-01,-6.197945888779408108e-01
-4.109729410795464055e-01,-4.431940738147444048e-01,-4.656989841884939252e-01,-4.980731068734371991e-01,-5.108004929173270980e-01,-5.111916785719524681e-01,-5.094096456734527045e-01,-4.974236128431588910e-01,-4.868732210553017858e-01,-4.931386939117333723e-01,-5.045922450876867416e-01,-4.945223015990775073e-01,-4.995534048817347750e-01,-5.130712814460378635e-01,-5.209733952411830238e-01,-5.565661323922606041e-01,-5.548250428253870270e-01,-5.187293890407339569e-01,-5.148662017191288909e-01,-5.212431440857319132e-01,-5.500582460286881359e-01,-5.648922345942352097e-01,-5.943225408264248832e-01,-6.015015232452542993e-01,-5.887165503029293534e-01,-6.005441577190420155e-01,-5.899516204833349375e-01,-5.829457205444243950e-01,-5.894288906831743891e-01,-6.045185698194142088e-01,-6.064660186141700438e-01,-6.173053301583633079e-01,-6.369094494132839790e-01,-6.634151128085914451e-01,-6.793397513637496887e-01,-6.647768740781161423e-01,-6.158553179149350854e-01,-6.051243643874226752e-01,-5.930700738400802585e-01,-5.761274134857635731e-01,-5.532205774677655397e-01,-5.608719467706686501e-01,-5.546287936735606605e-01,-5.507866669422686323e-01,-5.489255653337881125e-01,-5.300561623524387977e-01,-5.125720116977824370e-01,-5.327351029085767298e-01,-5.474726475272018167e-01,-5.310826619513042690e-01,-5.459681818490369487e-01,-5.396893675280736158e-01,-5.367161638166175752e-01,-5.388389369077380975e-01,-5.801997161994869590e-01,-6.089290031607749176e-01,-6.118404014474312369e-01,-6.145612064926827545e-01,-6.134336323688035497e-01
-3.989619456229175354e-01,-4.326926627353129273e-01,-4.433858741336421105e-01,-4.846226156727170831e-01,-4.977200955079155720e-01,-5.085655750903843586e-01,-5.099904704128715993e-01,-4.958273257497122777e-01,-4.899966515158212244e-01,-5.037531064870016673e-01,-5.043034055177532116e-01,-5.233928342347242690e-01,-5.222043222194207024e-01,-5.168737271259735699e-01,-5.105061508682419147e-01,-5.237983402809719413e-01,-5.617476651429322843e-01,-5.550350192090682810e-01,-5.506090453050731526e-01,-5.400097879636245324e-01,-5.636292600247059248e-01,-5.886286073239148653e-01,-6.313791682216283174e-01,-6.412138067832817701e-01,-6.370619988388648292e-01,-6.709374578921976084e-01,-6.539641392160158162e-01,-5.942426794116022482e-01,-5.939155464343880420e-01,-6.072020584025328294e-01,-6.254903549112034167e-01,-6.424278310183232366e-01,-6.508497580885950207e-01,-6.751932060877404718e-01,-6.620878009847016576e-01,-6.336068635495282209e-01,-6.125616937519263727e-01,-5.990019695683094225e-01,-5.841089752292397685e-01,-5.542773369631289748e-01,-5.269448190085912476e-01,-5.154958417901871481e-01,-5.140608694805022250e-01,-5.207721883835357835e-01,-5.206079917801409440e-01,-5.213101934557595740e-01,-4.933386726480206708e-01,-5.305705154362474474e-01,-5.391071495740031860e-01,-5.276807589276526489e-01,-5.310875477851894066e-01,-5.186365757773306884e-01,-5.377573401983980483e-01,-5.363760381825222190e-01,-5.798262196208541219e-01,-6.059017166347933081e-01,-6.059013784984472739e-01,-5.945824580352204736e-01,-6.003252751640463236e-01
-3.990356416865138978e-01,-4.329496758745413065e-01,-4.491121726325323360e-01,-4.873545902967097998e-01,-4.936588903282569940e-01,-4.999477766423305325e-01,-4.982377851252399736e-01,-4.924608656380585758e-01,-4.877215442217492924e-01,-4.927173138256760176e-01,-4.921269320796713420e-01,-5.206723088356277618e-01,-5.209598235790158238e-01,-5.165049720178248593e-01,-5.091167740597498659e-01,-5.258862067248071259e-01,-5.438508899019597331e-01,-5.539500224901872105e-01,-5.769740750469428692e-01,-5.980271764757437714e-01,-6.169721361704135765e-01,-6.286409273995499092e-01,-6.437577939522072246e-01,-6.645000374431114798e-01,-6.623407929163908081e-01,-6.877129484957082983e-01,-6.546158046454456647e-01,-6.099242307832045684e-01,-6.125251115004348712e-01,-6.288258110026978542e-01,-6.273684973572563051e-01,-6.575963011070518061e-01,-6.667355200016333860e-01,-6.824987047320986155e-01,-6.609883949084760513e-01,-6.419285144082051975e-01,-6.190808901508167983e-01,-6.236086282128143754e-01,-6.057631976729688228e-01,-5.471907047015276415e-01,-5.181205699436270962e-01,-5.058387766783865036e-01,-5.135502460981810069e-01,-5.129846806169566786e-01,-4.916295739676039833e-01,-5.051463779345222171e-01,-4.874332226904776189e-01,-5.349921744681345182e-01,-5.412282725025515662e-01,-5.325743659527686358e-01,-5.286006321491593107e-01,-5.314869911624502397e-01,-5.453806170885998617e-01,-5.430129011645933312e-01,-5.930714218512045388e-01,-6.116474969160685671e-01,-6.056490661362554651e-01,-5.949788716781950759e-01,-5.948744105702092888e-01
-4.164574820315407044e-01,-4.454721837195704803e-01,-4.643745040372864175e-01,-4.969349315640612663e-01,-4.796857094681177824e-01,-4.926767335931467873e-01,-4.964108039758712287e-01,-4.703732496246781913e-01,-4.935346781925052939e-01,-5.044770874368057489e-01,-5.074643027749936586e-01,-5.212548302178042769e-01,-5.190351859721924477e-01,-5.047507753697830779e-01,-5.133097710370482236e-01,-5.308755185442355362e-01,-5.364476637573678541e-01,-6.125607473488032806e-01,-6.241225373427392586e-01,-6.327754469429424100e-01,-6.571729082581585502e-01,-6.636702543558933298e-01,-6.564111909505644382e-01,-6.534296801600909532e-01,-6.741079787127247647e-01,-6.825386226622286445e-01,-6.909789904109765457e-01,-6.345722043477430852e-01,-6.493680298864554779e-01,-6.405368230293010390e-01,-6.633676357753042208e-01,-6.803309481227903799e-01,-6.814235467819583780e-01,-6.853328512007369477e-01,-6.683976992550512142e-01,-6.593205638466164142e-01,-6.246455371064396633e-01,-6.256282302191660261e-01,-6.040693808979715751e-01,-5.541477516245923995e-01,-5.303026629484718368e-01,-5.373538376951515483e-01,-5.429683891874674817e-01,-5.312453808793977661e-01,-4.970512405245897103e-01,-5.018828114603760548e-01,-4.899674793284854446e-01,-5.296228303420403849e-01,-5.281305067749453297e-01,-5.040526242888506703e-01,-5.294976676577656249e-01,-5.662040489316187974e-01,-5.619385016200123539e-01,-5.625808003185674977e-01,-5.984881736767604377e-01,-6.256849655969382029e-01,-6.268896221952787728e-01,-6.206360908688631772e-01,-6.182849379427902692e-01
-4.475335662063832931e-01,-4.616992652050663226e-01,-4.687534953701046336e-01,-4.684984589858950388e-01,-4.701282283923294836e-01,-4.942912774240459384e-01,-4.959376369826288267e-01,-4.854562334775400223e-01,-4.826271429638454014e-01,-4.991774989995467204e-01,-5.149807519600924088e-01,-5.242142668268988670e-01,-5.203818805908116962e-01,-5.181392529038820749e-01,-5.239406835502418147e-01,-5.522625116533061984e-01,-6.100807251717611512e-01,-6.499805704387880967e-01,-6.356528744619847071e-01,-6.292449941037220329e-01,-6.801385680624661978e-01,-7.040057241172315017e-01,-6.537894797654338896e-01,-6.672646978783657312e-01,-6.938420003024141636e-01,-7.144370538098453460e-01,-6.925154791866665605e-01,-6.807554451479133073e-01,-6.942528588456317040e-01,-6.884745013766404576e-01,-7.178287048348704902e-01,-7.191303988561520422e-01,-7.030399715559667584e-01,-6.694943944487192766e-01,-6.434460199251643697e-01,-6.497735214782563995e-01,-6.277571516406994512e-01,-6.369876154437350557e-01,-6.021342358106011039e-01,-5.828603190797093658e-01,-5.779246330323705161e-01,-5.619110040696272401e-01,-5.406088901076164799e-01,-5.174918465826411351e-01,-4.870360362449561165e-01,-4.831919900051015460e-01,-4.873249385302662606e-01,-5.253625602154108343e-01,-5.518906737331523704e-01,-5.362097353873431782e-01,-5.463791609704299335e-01,-5.608875117453633319e-01,1.966356173209831415e-01,1.764291395117839889e-01,-5.946539089731280869e-01,-6.261010529829644788e-01,-6.206696214922899912e-01,-6.101322939097020281e-01,-5.972033661795909110e-01
-4.662534823753486379e-01,-4.843345074986673549e-01,-4.811222669165771681e-01,-4.823317840912931809e-01,-4.897211232341232567e-01,-5.172853048956589372e-01,-5.129996325737952168e-01,-4.993655155681205882e-01,-5.038202781905153360e-01,-5.239766553828141271e-01,-5.287909254704279416e-01,-5.437400696418740464e-01,-5.279500769993790144e-01,-5.557299183987205460e-01,-5.673132584080607943e-01,-5.840073616695883318e-01,-6.586658106250433686e-01,-6.612839717548488760e-01,-6.470964969510828446e-01,-6.412666355166379839e-01,-6.659043829338754383e-01,-6.597513340534645332e-01,-6.504532459963175972e-01,-6.652339356811587390e-01,-6.965924050638763187e-01,-7.030673199450108157e-01,-6.941324782262255910e-01,-6.751895436988134547e-01,-6.955608864633459065e-01,-7.268087885817844374e-01,-7.390868938122904241e-01,-7.374658964610281142e-01,-7.116429691914406552e-01,-6.919114825838001970e-01,-7.015488857621546837e-01,-6.743975359872734776e-01,-6.416764652498266885e-01,-6.410084062320315912e-01,-5.946853815344346206e-01,-5.700105327139196598e-01,-5.513058076732885171e-01,-5.539685522887749514e-01,-5.323559091650535979e-01,-4.896231467044226404e-01,-4.733231863188921973e-01,-4.643432488968087801e-01,-4.656794304789921846e-01,-5.250859260963800512e-01,-5.776115560224331924e-01,-5.648011819937428513e-01,-5.530946052618567199e-01,-5.661073577926920564e-01,-5.856794550238577646e-01,-5.898832958584324659e-01,4.622075241250921812e-02,4.895519398051749738e-01,4.984019223461607639e-01,4.622699482279548633e-01,4.292113403304757546e-01
-4.819621022758560080e-01,-4.890906583631033366e-01,-4.919167570420037161e-01,-5.013122536234095872e-01,-4.917754272574119123e-01,-5.185519026545157839e-01,-5.164496616869853618e-01,-5.212138506120634895e-01,-5.254884248724466245e-01,-5.573570785676600359e-01,-5.696722553109119236e-01,-5.664688043175638565e-01,-5.521827195770857566e-01,-6.020015482813775298e-01,-6.032881606744280312e-01,-6.249436671300625523e-01,-6.595564463536818245e-01,-6.584375176213155267e-01,-6.538486679734777374e-01,-6.666923332557773696e-01,-6.730317723990810741e-01,-6.777587934804352177e-01,-6.653930090389389429e-01,-6.552854766091368299e-01,-6.962429657279979311e-01,-7.023601843742713902e-01,-6.758880565193781109e-01,-6.394439862810148423e-01,-6.654180920662330356e-01,-7.078487415663854421e-01,-7.158056474803191627e-01,-7.190542381830508090e-01,-7.204252563923186914e-01,-7.024879514922979240e-01,-6.903357383665695846e-01,-6.889849732302352203e-01,-6.283979834093252892e-01,-6.146071477529551075e-01,-5.838185376327968967e-01,-5.672112403845481765e-01,-5.449276798838603719e-01,-5.327874886667658405e-01,-5.217694007880562257e-01,-4.823871711047020838e-01,-4.630406191256923876e-01,-4.601910996107005380e-01,-4.573806627163715666e-01,-5.171550036527039484e-01,-5.611285617385448621e-01,-5.720320326742676098e-01,-5.503429627182983008e-01,-5.512201919410796291e-01,-5.730171910284972414e-01,-5.780435120434815888e-01,4.726188054810677441e-02,5.677936253481431494e-01,5.273072084828884787e-01,4.253882857858227173e-01,4.348714250713650031e-01
-4.642455603696054034e-01,-4.795710139166023400e-01,-4.986241107940153627e-01,-5.125597743665051276e-01,-5.087986660792979121e-01,-5.157600348237888488e-01,-5.299754485603159759e-01,-5.385127877853363998e-01,-5.578936992408917162e-01,-5.721829824851809576e-01,-5.755543218396208527e-01,-5.712147827671274491e-01,-5.725883158333651135e-01,-5.904036493624896798e-01,-5.974810071748416496e-01,-6.255829567961712634e-01,-6.694164007925107462e-01,-6.837337488700967469e-01,-6.765557284640557612e-01,-6.827651746567255930e-01,-6.880432153398085005e-01,-6.832435764922043520e-01,-6.830855643439240898e-01,-6.777076530800213439e-01,-6.954374485157697183e-01,-6.894991234780468714e-01,-6.736695863270895090e-01,-6.472696913027546906e-01,-6.668798542334212209e-01,-7.147754856141708135e-01,-7.069345189630702464e-01,-7.346042142212479975e-01,-7.365157627596213841e-01,-7.304566617075236579e-01,-7.063964798805242307e-01,-6.722706168669486670e-01,-6.301809119658358105e-01,-6.207660238215965132e-01,-5.991966585162079584e-01,-5.799166030026113861e-01,-3.458818910691512094e-02,-5.444050119037742164e-01,-5.334030313780625532e-01,-5.039410688518998205e-01,-4.851245285695573450e-01,-4.847771557078334737e-01,-4.769216900438666418e-01,-4.974566883349350044e-01,-5.099081114370807022e-01,-5.192550901659400697e-01,2.145009899913488394e-01,-5.497849509696608461e-01,-5.763802465359252336e-01,-5.714588800655915346e-01,1.351913069294652381e-01,1.690949376684388814e-02,-1.812707514391936198e-02,-5.099639624951443628e-02,-5.108412944418931623e-02
-4.726200711588273151e-01,-5.082283831412209851e-01,-5.081444422840576403e-01,-5.072423169955032618e-01,-5.072083431753869887e-01,-5.382741114247429071e-01,-5.427573418732055677e-01,-5.424232884126869436e-01,-5.473661691623875614e-01,-5.734461274610921366e-01,-5.721386915264976558e-01,-5.730001881512196693e-01,-5.849995311971634138e-01,-5.904214537258413165e-01,-6.302243829359681637e-01,-6.310527183423445541e-01,-6.628961177207857158e-01,-6.652000112872553661e-01,-6.633577065650861915e-01,-6.887745040545253383e-01,-6.976257701143656620e-01,-6.934606954399679113e-01,-6.713566159484668505e-01,-6.635595543172829736e-01,-6.776631512164030813e-01,-6.800375369673649084e-01,-6.539974002652315654e-01,-6.433317830208108434e-01,-6.479271976814279244e-01,-7.001487612296531937e-01,-7.090982131641960784e-01,-7.171230120922100770e-01,-7.271708394441898093e-01,-7.125653069093281777e-01,-6.987997711141051838e-01,-6.656014972295281051e-01,-6.350442356832762814e-01,-6.090792665940986117e-01,-6.024089470703160032e-01,-5.932948991189535004e-01,-5.653149515402486891e-01,-5.444065477662498598e-01,-5.420073183464664268e-01,-5.151153922436533250e-01,-5.069334284440328853e-01,-5.008967795977169457e-01,-5.007044269958565996e-01,-5.241603255350821833e-01,-5.195258914992048060e-01,-5.152521788970684247e-01,2.194432077914768020e-01,2.125537039180116494e-01,1.528423319586103279e-01,1.449077856326606017e-01,7.985760586084894586e-01,7.206118557574543448e-01,6.251058232362627365e-01,-1.952050872110180565e-02,-3.785292784712188802e-02
-4.864419031427203999e-01,-5.147127819337009580e-01,-5.109645743074253676e-01,-5.221142688919552244e-01,-5.241086367686036418e-01,-5.514194173454975978e-01,-5.617761607293261239e-01,-5.635621870739776496e-01,-5.702059054379795544e-01,-5.886874031680082719e-01,-5.879356884133931649e-01,-6.046413384607471908e-01,-6.085694981085559840e-01,-5.961800279146208803e-01,-6.171585235269829717e-01,-6.218147064668138047e-01,-6.570410320359050260e-01,-6.634968959990622528e-01,-6.647213682254881073e-01,-6.880373551991204595e-01,-6.928704142894426266e-01,-6.960883483686478579e-01,-6.731706955026488526e-01,-6.718985742906312675e-01,-6.872021982212225266e-01,-6.825312218085013427e-01,-6.618331656610320080e-01,-6.489925158190728016e-01,-6.591223587767707226e-01,-6.908631477204434379e-01,-6.854002307061457522e-01,-7.037448325968094220e-01,-7.190288652113622225e-01,-6.940945944004367485e-01,-6.911751483447985400e-01,-6.689292306207658134e-01,-6.293785660567052798e-01,-6.176173023951636587e-01,-6.074604748935079623e-01,-5.940706054093858324e-01,-5.720673307464672064e-01,-5.531306558832042031e-01,-5.546742615128039677e-01,-5.238589690312335234e-01,-5.116971583764874376e-01,-5.135843449035688568e-01,-4.978871683410864835e-01,-5.132218369725396467e-01,-5.156997116219695920e-01,-5.159001514572906233e-01,2.373120344274511906e-01,2.322350389916514046e-01,1.920792909767204126e-01,1.890525134678492369e-01,8.622051201495706252e-01,7.396737303784893802e-01,6.326797765618756841e-01,-2.246846241102656155e-02,-3.804961140278965287e-02
-5.045160005430275874e-01,-5.170354508529414472e-01,-5.203315154998464642e-01,-5.395528509074658530e-01,-5.464727553231296664e-01,-5.557995239833268819e-01,-5.763014159092283428e-01,-5.763304063011210898e-01,-5.821371112635443934e-01,-6.192649587099712249e-01,-6.408804895851427652e-01,-6.342068348146672196e-01,-6.305428154760406301e-01,-6.276084130527637139e-01,-6.329654253801949571e-01,-6.377268152784434374e-01,-6.430978969196663453e-01,-6.675535137416844789e-01,-6.647588850369977598e-01,-6.645391612954413274e-01,-6.797180810389877870e-01,-6.787585884728162267e-01,-6.492197850268860426e-01,-6.310953112426270772e-01,-6.418993642188552951e-01,-6.599283645204538917e-01,-6.691169295196335298e-01,-6.666032355962011602e-01,-6.698197760882276253e-01,-6.706261587609803065e-01,-6.749345076747206296e-01,-6.912187021243508811e-01,-7.062110456310208839e-01,-6.743837389367414170e-01,-6.533588751590406751e-01,-6.397314574315130509e-01,-6.269163544284971357e-01,-6.280826209069575450e-01,-6.169625809287743179e-01,-6.029895977888213299e-01,-6.028886769554291369e-01,-5.884826614007484524e-01,-5.684079162367662308e-01,-5.395935116375746299e-01,-5.228922818903389835e-01,1.552733604796142919e-01,2.220571842068087554e-01,2.626505574203487070e-01,2.632934631621283161e-01,2.762245418582638390e-01,3.090197505665541189e-01,1.032897295889446676e+00,9.090484646837511118e-01,9.186641601952175717e-01,2.416124328259656173e-01,-5.605516116507130997e-01,-5.934576529823797353e-01,-6.037316857840179241e-01,-6.081623649862868408e-01
-5.508101959318281171e-01,-5.598861977035115567e-01,-5.582681663238334702e-01,-5.594975781691280403e-01,-5.673149350807429325e-01,-5.790446978678538414e-01,-6.171282963907971375e-01,-6.200598688393140767e-01,-6.335615378465843106e-01,-6.405320873949625904e-01,-6.534163738571839852e-01,-6.367632524182499365e-01,-6.381320888235467725e-01,-6.323300021264304238e-01,-6.429420343473691846e-01,-6.448932790498501655e-01,-6.616748757876137477e-01,-6.737259230454588632e-01,-6.730382164221526686e-01,-6.582484591050244971e-01,-6.617017698124879610e-01,-6.687606062889970282e-01,-6.423319927864600265e-01,-6.511415758671772469e-01,-6.582643840809039304e-01,-6.684770539295366021e-01,-6.911737175286462032e-01,-6.859064516938474521e-01,-6.710588608313043935e-01,-6.780180684237218092e-01,-6.480798267297195325e-01,-6.649528367554290442e-01,-6.785433244846668099e-01,-6.432587917346257456e-01,-6.674827280549860964e-01,-6.570808850327897188e-01,-6.376522496328650425e-01,-6.015630361015881222e-01,-5.971777786940898336e-01,-5.904615403429118725e-01,-5.936005070395016237e-01,-5.950592522768480830e-01,-5.937011079373474276e-01,-5.830541553061704407e-01,5.059201037630316200e-02,8.437658625768690301e-02,1.343147805295233088e-01,1.933652110034751181e-01,-5.374028283670809758e-01,-5.262815970541029342e-01,-5.091976237708581987e-01,-4.980983203457582942e-01,2.542970925068445132e-01,2.752347890942896669e-01,2.069543244964603956e-01,2.017640229341018387e-01,1.597547804876790767e-01,4.721662134475244910e-02,-5.822197954983063806e-01
-5.613373515590334151e-01,-5.636401975322219426e-01,-5.681917965374152502e-01,-5.696806595635800496e-01,-5.742505503271320144e-01,-5.821712093439516122e-01,-6.221440584957035336e-01,-6.262366505081664592e-01,-6.327811865307613193e-01,-6.401408346576435981e-01,-6.542008633955546104e-01,-6.357009849121028067e-01,-6.192706706289751173e-01,-6.173644208397859323e-01,-6.307796437684348723e-01,-6.308315233832492153e-01,-6.600538993922678843e-01,-6.646938055426256931e-01,-6.468941543953310447e-01,-6.626583168136469526e-01,-6.707683182211976458e-01,-6.745957993628315386e-01,-6.671435238724412464e-01,-6.479022229704629599e-01,-6.563840549593972229e-01,-6.621108061809737322e-01,-6.714663045747515380e-01,-6.708419930304713175e-01,-6.748303717083058428e-01,-6.706488954147687975e-01,-6.517035798552077708e-01,-6.355716067729413332e-01,-6.367830391737180351e-01,-6.344774889700289799e-01,-6.253172403929655454e-01,-6.284628446984502625e-01,-6.164820999821002401e-01,-6.203918434053324882e-01,-6.184964770681802282e-01,-6.133848101727452651e-01,-6.240286324474667579e-01,-6.289115713036002031e-01,-6.115363701814005015e-01,-5.981509095461793324e-01,-5.650255040083345115e-01,-5.550178197843728123e-01,-5.305571392174582845e-01,2.357656694484615567e-01,-5.010535985104359602e-01,-4.878461265127131408e-01,-4.818047504644516477e-01,-4.959800316148659793e-01,2.605084910091910455e-01,2.763117915174559958e-01,2.224584380944800155e-01,2.528413172313760948e-01,2.138989958770821653e-01,2.433942087434017298e-01,-5.388648308651141638e-01
-5.782745753470962535e-01,-5.820904319665403115e-01,-5.841915837443852899e-01,-5.952997691102942524e-01,-5.973468119326142967e-01,-6.054576657481918200e-01,-6.430704081578206832e-01,-6.411031423687886255e-01,-6.425909253140691391e-01,-6.555675959310058865e-01,-6.569694689007610222e-01,-6.466490582204369453e-01,-6.209046969832247020e-01,-6.365872316218800231e-01,-6.420760240446246048e-01,-6.467476962627463077e-01,-6.792702542832259605e-01,-6.727121770848326632e-01,-6.652405971434506293e-01,-6.698740418327204793e-01,-6.800447070853539167e-01,-6.783566314823847865e-01,-6.635444175558584678e-01,-6.617207915032846666e-01,-6.582784959296946736e-01,-6.496611708599003832e-01,-6.582609350966885930e-01,-6.621411428072040417e-01,-6.650547688239951682e-01,-6.716732881048467219e-01,-6.518266432724574289e-01,-6.273937053206143366e-01,-6.214121587692489346e-01,-6.124018086885600898e-01,-6.109546180388181202e-01,-6.286259828475724287e-01,-6.234233004620851615e-01,-6.289402071885965562e-01,-6.119287235742186803e-01,-6.189579453492699557e-01,-6.405883440930900674e-01,-6.485882472878147231e-01,-6.171596951402478215e-01,-5.950022005927180224e-01,-5.705648837559995634e-01,-5.577837447738510646e-01,-5.463883720348546857e-01,2.025415139836670153e-01,-4.903813995109300161e-01,-4.823660215560852116e-01,-4.710582062091459576e-01,-4.840332880159240458e-01,2.979625337820723252e-01,3.127677264190965034e-01,2.577516706457141371e-01,3.235898688073345353e-01,3.020241612851541357e-01,3.192903456547293572e-01,-5.317627833339406696e-01
-5.914933830894868461e-01,-6.026013788979319719e-01,-5.992748804748159186e-01,-6.191050092202788901e-01,-6.219489003428675389e-01,-6.350797425098259064e-01,-6.564292804505559298e-01,-6.489667539212002900e-01,-6.474861878527642389e-01,-6.638064436822804781e-01,-6.472895060368626385e-01,-6.298085750518457315e-01,-6.344965638380392070e-01,-6.476182985234179013e-01,-6.530256492858794726e-01,-6.565037703749057041e-01,-6.836538282536008815e-01,-6.839402620421208834e-01,-6.736635208311347878e-01,-6.736085532521495223e-01,-6.902638637969437108e-01,-6.882754180386735365e-01,-6.828862981298718937e-01,-6.565453955403893760e-01,-6.533317445449760008e-01,-6.512931362918055189e-01,-6.545777098630222168e-01,-6.268997363032315917e-01,-6.365260071225737892e-01,-6.465204032164524328e-01,-6.520797106828816192e-01,-6.420980405731050444e-01,-6.147189899206424446e-01,-6.092199215643513410e-01,-6.422075496449339838e-01,-6.573677125282328948e-01,-6.541193930219191266e-01,-6.488608739439568618e-01,-6.113530678687038034e-01,-6.319427089839569911e-01,-6.242998773016864567e-01,-6.194535927948431331e-01,-5.982393835771877555e-01,-5.842076919634960896e-01,-5.925514149521841079e-01,-5.655032764512989418e-01,-5.343526933012315849e-01,-5.077420675146617768e-01,-4.783463111638456833e-01,-4.609485398282073265e-01,-4.633091721962976917e-01,-4.546409783438554730e-01,3.470762420338843746e-01,3.534382300399061538e-01,2.961455008153717205e-01,2.960569075795606575e-01,2.764771741092261759e-01,2.079379348254915549e-01,-5.527343695696053105e-01
-6.233162320666519873e-01,-6.336597225574840397e-01,-6.371088833189926248e-01,-6.607770208196510620e-01,-6.677499812049761951e-01,-6.674997018391132242e-01,-6.503804817002860617e-01,-6.441636127513900023e-01,-6.517959625141285240e-01,-6.739537251317382349e-01,-6.714388505546141639e-01,-6.522191172048972252e-01,-6.508745583664985457e-01,-6.722962053826988527e-01,-6.668015048918923826e-01,-6.735091945130435853e-01,-6.843456753597971787e-01,-6.774870898980143163e-01,-6.669327712194162983e-01,-6.532852255379709705e-01,-6.769746857310829924e-01,-6.820537404778603818e-01,-6.775089232056668020e-01,-6.627117338273037506e-01,-6.581190104416332343e-01,-6.561909698366874544e-01,-6.500996957451732339e-01,-6.289639636618141738e-01,-6.314954577040188255e-01,-6.545239708805637990e-01,-6.587201468231189683e-01,-6.316255094929896785e-01,-5.956702837480515322e-01,-5.951781451194521066e-01,-6.260139667581452461e-01,-6.278386803859481446e-01,-6.279179292190465445e-01,-6.527481994608159699e-01,-6.195978157118280372e-01,-6.306740693431994726e-01,-6.251265835066083243e-01,-6.211089591930860632e-01,-6.101268224787042005e-01,-5.871339932973214104e-01,-5.905879036599166465e-01,-5.931378270704582567e-01,-5.522716233013884590e-01,-5.065239520418461927e-01,-4.893791155668817949e-01,-4.665089646457822870e-01,-4.468450674627530428e-01,-4.457048155446687310e-01,-4.757696113567989604e-01,-4.735304340634532427e-01,-4.632539423454866134e-01,-4.644830335620100947e-01,-4.660014366086636106e-01,-4.819219126411799503e-01,-5.100017523889076587e-01
-6.372557465503260188e-01,-6.328547579685290803e-01,-6.395683574670512073e-01,-6.630993123347653784e-01,-6.803905501361484642e-01,-6.798085803400459870e-01,-6.521491358202218258e-01,-6.511075113795762315e-01,-6.656271794253111329e-01,-6.940112834962596233e-01,-6.845415954622798838e-01,-6.730636881293259322e-01,-6.696357764586007288e-01,-6.729857852455330969e-01,-6.732677723499036482e-01,-6.831929959156624044e-01,-6.821201118045056022e-01,-6.738431068282324521e-01,-6.674108501642540547e-01,-6.559089021654465057e-01,-6.690553716733427247e-01,-6.743030411300411364e-01,-6.726184247391600035e-01,-6.627446098677279851e-01,-6.522852520673518839e-01,-6.459216344212698191e-01,-6.554435116792444171e-01,-6.301356608895359868e-01,-6.278129815484109200e-01,-6.467899896575352026e-01,-6.329877953617586428e-01,-6.170680149158249694e-01,-5.865847625204370086e-01,-5.881199789907343156e-01,-6.236447505202131758e-01,-6.115852996538224673e-01,-6.133279392669457319e-01,-6.490835279984018547e-01,-6.300173596003575405e-01,-6.226112967028539780e-01,-6.247582952876093998e-01,-6.324446018908600475e-01,-6.413841107969833200e-01,-6.125547858067862395e-01,-6.132815759274183876e-01,-6.005444519353397848e-01,-5.347528052774188634e-01,-4.915105824537038259e-01,-4.742584569146368612e-01,-4.578096240924885429e-01,-4.466434933780859540e-01,-4.563776186640307597e-01,-4.707200685926167805e-01,-4.592157862641521593e-01,-4.678822205187612715e-01,-4.646947635062366744e-01,-4.591370980605746221e-01,-4.691827483411646904e-01,-4.847257491304055588e-01
-6.508848751094830076e-01,-6.504028600112589098e-01,-6.574592226729775168e-01,-6.892255459464232681e-01,-7.012164558758934296e-01,-7.026191819232858737e-01,-6.772101094604078275e-01,-6.705202790568638438e-01,-6.684483757123563796e-01,-6.917205630002195571e-01,-6.798002766358668403e-01,-6.604982537848722579e-01,-6.545419124887615903e-01,-6.727619682514983657e-01,-6.769191671731401572e-01,-6.734681383482086225e-01,-6.734414363502294609e-01,-6.541698851921062818e-01,-6.466055281018012746e-01,-6.396723658943460622e-01,-6.522030377978890181e-01,-6.553274110248329398e-01,-6.543112085294880975e-01,-6.516188095896187082e-01,-6.697989941556523608e-01,-6.639707300746148233e-01,-6.459215079294584605e-01,-6.389216482410339237e-01,-6.323812013128530252e-01,-6.334092008216472003e-01,-6.375692406707337279e-01,-6.286394248141814467e-01,-6.020520649103126010e-01,-6.020921145807174302e-01,-6.175515698462089587e-01,-6.049985619078734889e-01,-6.518614690415237556e-01,-6.838594466612036848e-01,-6.548664102936030407e-01,-6.600695329961853153e-01,-6.648397129197165523e-01,-6.662414559740837960e-01,-6.508976807598250147e-01,-6.421422857233776149e-01,-6.332199551668578064e-01,-6.122059613547012891e-01,-5.511263724886825699e-01,-5.084867510096798826e-01,-4.707164544698131392e-01,-4.566028537087695183e-01,-4.455093275279742304e-01,-4.669167263438338544e-01,-4.457413421681065135e-01,-4.448886889053223492e-01,-4.561477142025897602e-01,-4.593956075037226583e-01,-4.507685806293543762e-01,-4.581207673591317642e-01,-4.621509489893858569e-01
-6.179373325956020180e-01,-6.491709098910870557e-01,-6.500484040819743958e-01,-6.932805241738070334e-01,-7.052351294551489902e-01,-7.126324747952000882e-01,-6.952807197452443022e-01,-7.017184670554454939e-01,-6.864955093706333056e-01,-6.905532218273588985e-01,-6.891268103095882225e-01,-6.820776097301437524e-01,-6.670384909774076387e-01,-6.721448761615193002e-01,-6.748387313936449194e-01,-6.910126312848382524e-01,-6.708569100086646531e-01,-6.646159378857625644e-01,-6.617264035061809491e-01,-6.592802608038521583e-01,-6.657065416258780566e-01,-6.639318804481830760e-01,-6.528175011987112919e-01,-6.526264748860963749e-01,-6.624197689720990878e-01,-6.599703869055051353e-01,-6.542783144340431623e-01,-6.423462754899971205e-01,-6.327844020441362183e-01,-6.125084512655828428e-01,-6.138676613189110176e-01,-6.502118872734521382e-01,-6.109583749369221772e-01,-6.095351254137874042e-01,-6.346363371625215466e-01,-6.123633888928085023e-01,-6.477932708207115864e-01,-6.661209689595541938e-01,-6.711775959061825336e-01,-6.826038455988003850e-01,-6.894229951345637319e-01,-6.641343994975973386e-01,-6.548914632368180166e-01,-6.487386522529835498e-01,-6.323549134406429850e-01,-5.959130128126434167e-01,-5.525183430379905225e-01,-5.309233022277226599e-01,-5.035929721731995379e-01,-4.896953223977602021e-01,-4.833922846323413514e-01,-4.692656133167843469e-01,-4.496802218128931883e-01,-4.447515632960988285e-01,-4.374419457009812162e-01,-4.528987362179879295e-01,-4.406611213035985242e-01,-4.374783736446610782e-01,-4.819744769413677465e-01
-6.444166108074028676e-01,-6.659674511216170378e-01,-6.532271732205842119e-01,-6.883290895041942470e-01,-7.001260166393735718e-01,-7.070353986622563980e-01,-6.943577016880674302e-01,-6.970983647939236194e-01,-6.893146792184986493e-01,-6.776672962717128490e-01,-6.676828850239574509e-01,-6.650770620563216662e-01,-6.584056610503317142e-01,-6.688053297201198566e-01,-6.825509653425587686e-01,-6.741290534590086425e-01,-6.777084798057229076e-01,-6.721979855634767631e-01,-6.811379711423434236e-01,-6.765942311625942063e-01,-6.674457778841312861e-01,-6.560822948969808888e-01,-6.445423817496784835e-01,-6.541480428886521370e-01,-2.463587133522755768e-01,-2.351188941049836278e-01,-6.304414042724879597e-01,-6.210325604856670179e-01,-6.170088614834323693e-01,-6.164972179653722684e-01,-6.226153847634881000e-01,-6.408379753083559560e-01,-6.202048740784291692e-01,-6.357536708826583283e-01,-6.475438902787240547e-01,-6.447353724843272182e-01,-6.502226062416133212e-01,-6.682328796398743220e-01,-6.700333239112091777e-01,-6.823546508407511979e-01,-6.626450205773469770e-01,-6.496809026493033379e-01,-6.420556593469551876e-01,-6.270368320375381277e-01,-6.127103393789050667e-01,-5.839181243074290650e-01,-5.457110295211212714e-01,-5.128300132615354334e-01,-4.712431312388821181e-01,-4.972564396586380275e-01,-5.008897041748662238e-01,-4.837754724842282528e-01,-4.483248965386000817e-01,-4.459044949888598119e-01,-4.349661166699912984e-01,-4.181754088689349502e-01,-4.094325373089236497e-01,-4.384378753493821668e-01,-4.870202973814247160e-01
-6.493173308197970339e-01,-6.834809231759042536e-01,-6.725637412555455219e-01,-7.110117921487739689e-01,-7.141801527368465408e-01,-7.332373659499481500e-01,-7.171157912338984586e-01,-6.999664235998739326e-01,-6.877132936693725052e-01,-6.717935826893176587e-01,-6.669411636723741044e-01,-6.710110991134977665e-01,-6.652501765982277160e-01,-6.764515269620968718e-01,-6.714334687961927006e-01,-6.702460844630702130e-01,-6.865616509885728025e-01,-7.004694636138363295e-01,-6.945015794255980923e-01,-6.802005509811722694e-01,-6.705722013137943582e-01,-6.627624127465845394e-01,-6.628756104185703490e-01,-6.622601238144353308e-01,-2.593465837528006745e-01,-2.491018339266813930e-01,-6.309645893064214084e-01,-6.319339450382255308e-01,-6.252366274009031333e-01,-6.361427930484099269e-01,-6.440231713045687645e-01,-6.377473079137723211e-01,-6.075293435145265875e-01,-6.152968048930457234e-01,-6.236996880708103319e-01,-6.336592895515614776e-01,-6.431271217464640255e-01,-6.611898888472476088e-01,-6.617379526151291325e-01,-6.761105372578023465e-01,-6.498236595302252505e-01,-6.406883997538009856e-01,-6.237634914394006858e-01,-6.130456179674328432e-01,-6.184057602403975062e-01,-5.928574822118327647e-01,-5.566556624340243120e-01,-5.264891814694784289e-01,-5.198920474127485258e-01,-5.097944739843091044e-01,-4.999244029271781575e-01,-4.814311424780438609e-01,-4.460035830761147624e-01,-4.498049125079565114e-01,-4.425680594576885118e-01,-4.327240017732519872e-01,-4.275187628537541196e-01,-4.448831559119896251e-01,-4.837257524023793609e-01
-6.307562077655120003e-01,-6.418419565910464808e-01,-6.869407900155926061e-01,-7.174777344491590769e-01,-7.205472696187809056e-01,-7.145865200066510159e-01,-7.189966703880416032e-01,-6.936158737354156667e-01,-6.681912125764334354e-01,-6.684416983773194820e-01,-6.620615887884434558e-01,-6.632478330575097836e-01,-6.579497865945680424e-01,-6.712425905004932858e-01,-6.701540809637770435e-01,-6.701373777836820977e-01,-6.875917716701576143e-01,-6.954600202011714805e-01,-6.944029773130762084e-01,-6.751606732228643271e-01,-6.753222752132030937e-01,-6.752510125156406806e-01,-6.667526251947198945e-01,-6.714914359692093493e-01,-6.569305024944573912e-01,-6.606442013904310073e-01,-2.026233833227201186e-01,-1.781226537327121051e-01,-1.361578214751802962e-01,-6.378999687402612251e-01,-6.606997959245264340e-01,-6.476344867289796081e-01,-6.184657048151597225e-01,-6.266316129737937723e-01,-6.242133824301796530e-01,-6.185103881976515838e-01,-6.272040570962597039e-01,-6.438929861801625520e-01,-6.480722632635836922e-01,-6.562894895823278008e-01,-6.304872024766358107e-01,-6.470220125397666555e-01,-6.322449843612291120e-01,-6.022616189516211138e-01,-5.994817547591888562e-01,-5.767044219223363966e-01,-5.683538995128504245e-01,-5.486491819433576556e-01,-5.349315217856472904e-01,-5.087161050000702511e-01,-4.967596399825824349e-01,-4.765185299156595722e-01,-4.486477833967972839e-01,-4.405723098798864923e-01,-4.398103309013584039e-01,-4.537471114853997567e-01,-4.420886736868386291e-01,-4.771897653143188367e-01,-4.965676409248434564e-01
-6.626953499369774292e-01,-6.569709654033848434e-01,-6.717903399862544811e-01,-6.954184555910702947e-01,-7.261985013068918970e-01,-7.736775673155936728e-01,-7.880108214798048349e-01,-7.263538874745828489e-01,-6.931636447584462735e-01,-6.582500099494883461e-01,-6.636257626500451368e-01,-6.609394887523034612e-01,-6.591462259638891652e-01,-6.849086360355305381e-01,-6.755918510200396021e-01,-6.850818528002106111e-01,-6.742680412150386937e-01,-6.594439148339511503e-01,-6.578739509954858455e-01,-6.652083296520809874e-01,-6.734415332192474901e-01,-6.741687508306618559e-01,-6.663220260592358501e-01,-6.656566201541580519e-01,-6.544051622190993900e-01,-6.480492164872968530e-01,-2.367562603749635286e-01,-2.287267828256150382e-01,-2.434259241097365689e-01,-6.450034426780780761e-01,-6.617619223928563610e-01,-6.477699274377994865e-01,-6.533508486537550342e-01,-6.440400793160673265e-01,-6.345758084253597664e-01,-6.261610752311337347e-01,-6.463580618408765188e-01,-6.548892813175892780e-01,-6.621446663559178436e-01,-6.598148673494441674e-01,-6.544317730003759159e-01,-6.648918066185616205e-01,-6.443161325576366449e-01,-6.058502093085609275e-01,-6.036398253688731730e-01,-6.057123691794966680e-01,-5.899966457749167281e-01,-5.875036170418780346e-01,-5.551822120300455854e-01,-5.183559703801859930e-01,-4.932669887149459531e-01,-4.628668739887470962e-01,-4.401685829061796063e-01,-4.219045510855430337e-01,-4.157962891554268792e-01,2.876779389902730522e-01,2.961380620566931854e-01,-5.091704365709296409e-01,-4.858310389694964759e-01
-6.541324770371523822e-01,-6.585994325599650034e-01,-6.718177882180635940e-01,-6.723442791391155415e-01,-7.003194238844171471e-01,-7.533448255299011187e-01,-7.678162378666958388e-01,-7.424090359404367234e-01,-7.107192476980798146e-01,-6.760277436712716082e-01,-6.645619862405632849e-01,-6.574567130486511646e-01,-6.673203482270849696e-01,-6.876154304487801516e-01,-6.938853164835179221e-01,-6.937982922454706269e-01,-6.496002009033683411e-01,-6.514641707292688766e-01,-6.449178787893451448e-01,-6.570363912233857517e-01,-6.644543292264024625e-01,-6.591446625262316061e-01,-6.705883488603033848e-01,-6.748470511004011074e-01,-6.516836336546423247e-01,-6.662020131968043879e-01,-2.591012073316100728e-01,-2.457245118403443007e-01,-2.390220016519183921e-01,-6.596561084134104913e-01,-6.607740523800423871e-01,-6.333081403205145232e-01,-6.414498173204113973e-01,-6.363584629408456372e-01,-6.495264145024763902e-01,-6.473645041061282246e-01,-6.541990251895093422e-01,-6.616545758814497136e-01,-6.623983845820959893e-01,-6.694357508116717259e-01,-6.576037406568241428e-01,-6.513666847424522954e-01,-6.532513920464243506e-01,-6.273373085637570234e-01,-6.261626089466556522e-01,-6.173036283652248990e-01,-6.015672855121588780e-01,-5.724418475659227568e-01,-5.427249857864060445e-01,-5.158642775260269264e-01,-4.892239583156391958e-01,-4.579161463697762890e-01,-4.320065365692650206e-01,-4.135565468809904166e-01,-4.197719043890029145e-01,2.587711211904456521e-01,2.560886028987183205e-01,-5.164447422044008418e-01,-5.117725012114782146e-01
-6.883163460232577524e-01,-6.928749146221672151e-01,-6.845495183093074365e-01,-6.818491518638832849e-01,-7.124875159620174259e-01,-7.288891335327224441e-01,-7.420075459821685593e-01,-7.176745984218395602e-01,-6.971176793348209388e-01,-6.997601250083453905e-01,-6.817721275008591375e-01,-6.885960247744414842e-01,-6.795936786461510559e-01,-6.774842758782172458e-01,-6.660575503318421076e-01,-6.562098911141455160e-01,-6.283551383304072369e-01,-6.441990583502310574e-01,-6.347955423348035087e-01,-6.429848422351955861e-01,-6.440220083794954142e-01,-6.290915799274405806e-01,-6.263161090305600087e-01,-6.343397568102081552e-01,-6.232422215863261394e-01,-6.162063193367072200e-01,-6.284776618988819896e-01,-6.344294918241460968e-01,-6.401540333647892655e-01,-6.639608150261681052e-01,-6.582361401202496687e-01,-6.388008958117044056e-01,-6.500798532426462772e-01,-6.493160318985530255e-01,-6.568066155323021293e-01,-6.536157310426018441e-01,-6.483906528593107454e-01,-6.711980357425346710e-01,-6.792472835884073579e-01,-6.927950502085107320e-01,-6.749621716652159931e-01,-6.651452316400034981e-01,-6.529342971821819885e-01,-6.312108987139327665e-01,-6.129759064837008165e-01,-5.824079414838339019e-01,-5.879144657762200854e-01,-5.641817848860724016e-01,-5.528572589558520267e-01,-5.066193789562557503e-01,-4.940841330611454030e-01,-4.412334089426442341e-01,-4.412721357192009308e-01,-4.313864388711020070e-01,2.204343194774079362e-01,2.359649832590025309e-01,2.372783620563737594e-01,2.195742103331464190e-01,1.591005122750889789e-01
-6.768339706854112903e-01,-6.726849247217006056e-01,-6.830136156709186723e-01,-6.955381577119313929e-01,-7.240383864321997542e-01,-7.443778896947477186e-01,-7.374928876564628144e-01,-7.223368204980554763e-01,-7.157310580905491548e-01,-7.174280503008808596e-01,-6.949593961197280123e-01,-6.992053789484498072e-01,-6.819681064244974555e-01,-6.688849049513392320e-01,-6.496852364670946400e-01,-6.340746512055294160e-01,-6.245305152150241179e-01,-6.345229996987740151e-01,-6.320967996572771641e-01,-6.440879265127837927e-01,-6.493848925784276860e-01,-6.450561689966287648e-01,-6.293568969619921516e-01,-6.088708294601214988e-01,-5.899423358273873097e-01,-5.834731724339442538e-01,-5.894187635633155731e-01,-6.244061951274214595e-01,-6.129939716714277731e-01,-6.350362350818454793e-01,-6.693263425604928374e-01,-6.701354293717179944e-01,-6.857333082440026928e-01,-6.738433868062043697e-01,-6.519317271209159603e-01,-6.538834437300828917e-01,-6.595772400851653838e-01,-6.845524065762225163e-01,-6.726828602216519126e-01,-6.886165905139313148e-01,-6.684731370271836948e-01,-6.453624948622801449e-01,-6.325430810239242030e-01,-6.166974812376659898e-01,-6.062800903961618193e-01,-6.094904250904633614e-01,-5.910640342701506400e-01,-5.633998190825029173e-01,-5.392009131180143244e-01,-4.881884393373513986e-01,-4.678660660746442601e-01,-4.287398960100768930e-01,-4.139903664096588054e-01,-4.094404048288433073e-01,2.781196349296297110e-01,9.193478047113724516e-01,9.173535165717726647e-01,8.316387530712119336e-01,7.848807492268506936e-01
-6.750718547834966277e-01,-6.785845590740691158e-01,-6.869048776701487391e-01,-7.059706783201392666e-01,-7.251122603513922016e-01,-7.215109587277066527e-01,-7.237875090626681995e-01,-7.183160595678224070e-01,-7.260485318418056222e-01,-6.984333497447171579e-01,-6.898979650031299427e-01,-7.046431133719379680e-01,-6.970914648048124329e-01,-6.728662425037392758e-01,-6.487821635430212064e-01,-6.336001215078009841e-01,-6.162491280139410499e-01,-6.389602723370350068e-01,-6.304453931360872732e-01,-6.365597891387823060e-01,-6.526060314764511316e-01,-6.533249816450955594e-01,-6.278749542649136872e-01,-6.045454554506848321e-01,-6.081129782117312699e-01,-5.963507863791412955e-01,-5.986398484383171903e-01,-6.000156604602135957e-01,-6.095028686577185217e-01,-6.223279196597388818e-01,-6.463279103957094707e-01,-6.311123396450262213e-01,-6.479259555608266608e-01,-6.706650226532602233e-01,-6.755552025684922191e-01,-6.825302292026784734e-01,-6.728171924103680812e-01,-6.763011831997518541e-01,-6.682031323881202356e-01,-6.613584881640286461e-01,-6.285310493325746428e-01,-6.137904441560231295e-01,-5.921002700787725281e-01,-5.971959445032622993e-01,-6.046336736590969263e-01,-5.697097160873287880e-01,-5.463528126240283500e-01,-5.356903509006293307e-01,-5.135563898159706264e-01,-4.754087593121337219e-01,-4.574780023803780571e-01,-4.463061887673484551e-01,-4.226468867996724943e-01,-4.135484926699541375e-01,3.045089236661017718e-01,9.324771873908905828e-01,9.497610845747390673e-01,1.493258305054702806e+00,1.432754477795076697e+00
