-1.294360880702571659e-01,-1.071386905578345095e-01,-8.553267103056971798e-02,5.760727371767739025e-02,1.905430329314471705e-01,2.997769313045454687e-01,3.474952454594993356e-01,1.976421961265860117e-01,1.948108294401974250e-01,2.760147845978754289e-01,3.084351347310148039e-01,4.374626243361434130e-01,3.715376469514717894e-01,3.829262631779036252e-01,3.511734262067403023e-01,4.506260173176938055e-01,3.984680381254583903e-01,2.518651835143493334e-01,3.755651189252705024e-01,3.395446294470055859e-01,3.302413032256240610e-01,3.182123836353196733e-01,2.474037497834277732e-01,2.952615465741596501e-01,3.134674119292183980e-01,3.606176451264837546e-01,3.063467528238619231e-01,3.431173863133785695e-01,3.704565839957785212e-01,4.715995502197002365e-01,5.599516895842727715e-01,5.301362098251419797e-01,4.612456147634615422e-01,2.764644154431897816e-01,2.529241234536778737e-01,3.787532640782012572e-01,3.522296341545985698e-01,3.380267565344515224e-01,2.483287011738096739e-01,2.356417327797205030e-01,1.807177827806881465e-01,2.383476981552019869e-01,6.145502878721600254e-02,2.384634023738011616e-02,7.580175336078448511e-02,7.456163333194038012e-02,-6.215318397715597493e-02,-1.355713141191792204e-01,-1.058570768432802733e-01,-1.889726365213926507e-01,-4.158023943571743097e-01,-4.488700950260513522e-01,-4.307522928858333877e-01,-4.421101974751411312e-01,-5.488032331114530704e-01,-5.699186139740188839e-01,-6.098614595239263414e-01,-6.421814472670303031e-01,-5.689138795586132780e-01
-7.681958039213608591e-02,5.430828228745668285e-02,-7.406836707973549205e-02,3.373427469288719366e-02,5.025784292122446179e-02,-7.910533904547796535e-02,2.440351158956409194e-01,2.472127023096960807e-01,3.736749334520823029e-01,3.515718940007078741e-01,3.104146137167205222e-01,4.173557439614202225e-01,4.024333005693059850e-01,3.576398637773839373e-01,3.625010350055903885e-01,2.851278140997745014e-01,3.513805305113947841e-01,2.625795567760724203e-01,2.835073572698560973e-01,3.614801658776550242e-01,1.019652586312468634e-01,8.998545895025229779e-02,1.392291551016182349e-01,1.626236866033088646e-01,2.449176138545103021e-01,3.178188348433559907e-01,3.700276262895251245e-01,2.900948709657973912e-01,3.325646770146026832e-01,2.888006624665597211e-01,2.887075227016756007e-01,3.508214731093575178e-01,3.743669678694312997e-01,2.148248412254207818e-01,1.622264515412482622e-01,3.241433101245076998e-01,5.372083473677260468e-01,4.779562968071232043e-01,2.177986058129393332e-01,2.586013192729775811e-01,1.986869450377460600e-01,1.560471632469465630e-01,8.151117963234223718e-02,-1.079838212758234793e-02,-7.713315212718592495e-02,6.174285007590549212e-02,-8.334646987648121341e-02,-2.172402791200173100e-01,-1.294849633814310896e-01,-3.666148978615781928e-01,-4.440160575204464832e-01,-3.923193889598831086e-01,-4.462225364133671213e-01,-5.441823389502731256e-01,-4.847741071463353424e-01,-4.293105700020327098e-01,-4.510876742616150570e-01,-5.690076205626685146e-01,-5.763977069629193650e-01
-2.201948580739102324e-01,3.730901252426296021e-03,-7.562557697824533187e-02,2.392445880056172369e-02,-2.546713601111405892e-02,7.114544812711086352e-02,2.476273496674516461e-01,2.721470126421504099e-01,3.761103847563620484e-01,4.540265663901500437e-01,3.508928033113857259e-01,5.287353997298480657e-01,4.193627993331398573e-01,4.654328478857077678e-01,6.028942494039467581e-01,4.097961601840444668e-01,4.139851954155336911e-01,3.462839691135962683e-01,2.293364833076090015e-01,2.283590011344458215e-01,2.382061009036683941e-01,1.384785666459347753e-01,2.051107654744181441e-01,2.065248026243526325e-01,4.726856456797873945e-02,1.527863179003091099e-01,2.361004218825603074e-01,2.507010442890162949e-01,1.659184750499702321e-01,2.696219860145566694e-01,1.311748597410359873e-01,1.689644653884059267e-01,1.493949331334376851e-01,1.691302335410852509e-01,1.459213585211780739e-01,9.526252831637170571e-02,3.704775786664553650e-01,3.433567710241022253e-01,3.068510954981550354e-01,1.086537145835624329e-01,-4.325077078670098302e-03,1.056811043991106730e-01,1.643676670571181941e-01,-7.851962636000880957e-02,-1.494789125969286370e-01,-6.401921244644154414e-03,-2.366284102376467469e-02,-1.149509521719375427e-01,-2.043575444967216936e-01,-3.747176869225258833e-01,-5.412514950076579012e-01,-4.953492354860149494e-01,-4.484472295831691824e-01,-5.426879365534281741e-01,-5.710695825527283276e-01,-5.933879697919270946e-01,-5.505568972335547206e-01,-5.868036166360780514e-01,-5.794353892739521061e-01
-1.809845502647198512e-01,-3.792112060551291325e-02,-2.209102767739180156e-02,6.230565929818301929e-02,1.358932848842882291e-01,3.182293547152424407e-01,3.358065704052430323e-01,3.679781467250345384e-01,4.458521717217754921e-01,5.539292041375337705e-01,5.210478493962761304e-01,4.747893157873639969e-01,4.746455337990240220e-01,5.453043088171729558e-01,6.111731100800086303e-01,5.622505231611715226e-01,5.603734748365978291e-01,3.921328321474285561e-01,3.238586585916981009e-01,3.412781303601354344e-01,2.814575214873830666e-01,2.263621642402929290e-01,1.618063608431050127e-01,1.988341136774545992e-01,2.220679078084199926e-02,1.184965913914131086e-01,7.975264145602420363e-02,-1.497975200177140316e-02,-1.170804810748655653e-02,4.435123728643437097e-02,5.238495269315135427e-02,1.797991376619608450e-01,5.718938207237246607e-02,2.310353323873244602e-01,1.870629119951668917e-01,8.269075390650086621e-02,1.416551803974500368e-01,2.004538155770000107e-01,1.250903356857922255e-01,-1.649693624132056403e-03,-6.247616987537547850e-02,-1.569361713311561435e-01,-1.785250473645745850e-01,-1.750924440277115135e-01,-1.903629759187907555e-01,-1.239942732928226432e-01,-2.250773469623457701e-01,-2.609894741614711133e-01,-4.817041938220321673e-01,-4.576294135902526650e-01,-5.469886663531163817e-01,-4.977835947547901707e-01,-5.288771812314703169e-01,-5.617309336126731223e-01,-5.886371557270093646e-01,-6.176121387542691243e-01,-6.562459100019943925e-01,-5.820134408234192147e-01,-5.891427216528387634e-01
-1.702635958323650001e-01,-2.126488022633947397e-03,-7.299571914579451593e-02,1.083838382167982423e-01,2.213624102024336071e-01,4.361961080678671276e-01,3.982288416974338885e-01,4.567319952209013545e-01,4.850839277298422125e-01,4.717125990216570197e-01,5.738089730531953370e-01,5.794237097851879792e-01,5.380958036464450478e-01,4.874303387464008486e-01,5.404683242705634605e-01,6.781504902159176673e-01,6.159629720331236680e-01,4.595520841972569048e-01,4.233622299592531557e-01,3.400489845803556510e-01,4.239660911650327546e-01,4.262333185485965847e-01,2.785034439375076998e-01,2.965201843671061988e-01,2.712195051167051174e-01,9.158381117826654150e-02,1.362602406425054424e-01,7.160092382514886278e-02,9.796082690341192944e-02,1.521019512019969877e-01,1.945009731292626498e-01,2.454706064955873290e-01,1.105651516879972013e-01,1.749861037889170745e-01,1.997932359610167519e-01,2.157601210256958058e-01,8.238980287509817257e-02,1.394445744626731376e-01,4.737652717801325852e-02,7.131054320781964051e-02,-2.531594520961844563e-01,-1.408795970485284266e-01,-1.719875281365264852e-01,-2.761940322160735262e-01,-3.967979431288673475e-01,-4.170824604082447040e-01,-5.736944443583147368e-01,-5.681499403541502291e-01,-3.922341307504391694e-01,-4.323210329632005688e-01,-5.237084965439723350e-01,-5.920992791425736534e-01,-4.909077334980783136e-01,-4.374187913090175073e-01,-5.124243155649367276e-01,-6.103844194095436881e-01,-7.353636718634420921e-01,-4.228563575762302462e-01,-5.889619029169905762e-01
-1.089190790627883598e-01,1.175449528069574118e-01,-1.730655461336184087e-01,-4.778675029297098191e-03,2.013369247098336368e-01,3.559528863644388363e-01,5.975770915669533778e-01,5.759639289283646768e-01,4.632978427230781682e-01,5.177231644043424064e-01,6.244760230094482667e-01,6.066067026369243997e-01,6.623851981019325263e-01,6.674763863481123494e-01,8.350250665306103715e-01,7.305130782594244643e-01,6.645383605947910999e-01,5.536474447249563058e-01,4.985482337453346346e-01,4.752974948871189209e-01,5.521611656558536030e-01,2.522378070523971227e-01,2.460317154404515760e-01,3.798993585242349535e-01,2.465520146044335448e-01,1.113290218175583685e-01,1.477425202295520601e-01,1.221289132345469847e-01,1.379152866438100034e-01,3.160820214086927926e-01,4.091527182588389766e-01,3.418841395065103650e-01,2.293984061712665001e-01,1.890920556152153875e-01,2.359978803655427559e-01,2.786587951597290780e-01,2.038062056369731034e-01,1.235905865614531779e-01,-4.945915740269860028e-02,3.161358474624995779e-02,-5.684639434384832629e-02,-1.507542333082987074e-01,-6.969154213343729809e-02,-2.337736278735897122e-01,-3.355581271731739035e-01,-5.099798582772209210e-01,-4.342430650248233492e-01,-3.107324326199152886e-01,-4.330680662814304083e-01,-5.268539132136205172e-01,-4.174044054725472574e-01,-4.846564447377009754e-01,-5.125804911163196476e-01,-5.950283605984595381e-01,-6.777765305941303442e-01,-5.731458822240754758e-01,-7.412339781314718490e-01,-7.041548795706655817e-01,-6.228079791803727838e-01
4.319592470579788207e-02,8.966906986269146396e-02,6.060160948106439044e-02,1.435165366117550634e-01,2.885445706648767650e-01,3.443959758667535787e-01,6.453602660608880326e-01,6.034016617908981583e-01,6.702221424586716214e-01,6.958852264532651155e-01,5.886089240421070734e-01,6.623646650381421752e-01,7.173511676656726399e-01,7.439589528817700526e-01,8.427235448386439787e-01,7.125791997985828630e-01,6.909900102607769989e-01,5.498317249041377863e-01,5.195891206989731170e-01,4.728591774948044946e-01,4.035396120103189044e-01,2.142446354855936652e-01,2.271969082001556173e-01,3.377783136397760622e-01,3.114706399907464229e-01,3.031033046392309638e-01,3.070714443339643829e-01,1.907231248897297005e-01,3.177967958364137924e-01,2.433890805051165118e-01,3.296416315144602982e-01,3.869896652930239211e-01,2.074798476711129380e-01,3.603085427216795034e-01,3.464827789790388413e-01,2.147371761260497003e-01,2.019116535784650224e-01,1.000059395230121079e-01,-3.258519375945645447e-02,7.122420911464834303e-02,8.510347394655415343e-02,1.525798060825198782e-02,-3.239096430765388973e-02,3.965439673196725218e-03,-1.050736752497751086e-01,-2.973777303802471184e-01,-3.761707267199553839e-01,-3.058549525981780759e-01,-2.696597570392533783e-01,-2.497252813358708523e-01,-4.167935287669368716e-01,-5.591075192691593587e-01,-5.118416024248164664e-01,-5.318944312696342047e-01,-6.176688132987270263e-01,-8.048968701695831118e-01,-8.407168251678712734e-01,-8.831175070388866954e-01,-8.118838706315241183e-01
-4.113835528041996648e-02,7.600176252710232061e-02,4.548035037974068606e-02,1.627167519577649990e-01,2.567336839377130087e-01,3.252971664474739177e-01,4.196888783336005235e-01,5.509178456448333705e-01,7.506521621797689336e-01,8.207662132063470173e-01,8.562157023264149736e-01,6.363884631439776784e-01,7.479707834131916755e-01,8.375729514032176359e-01,8.786727986119318157e-01,5.634846846171442936e-01,5.656316785367349054e-01,4.197746340941413412e-01,4.714302925068448724e-01,5.048757716209972823e-01,4.465575487086447803e-01,3.217332694725626996e-01,2.820301886540131364e-01,3.355571928715340158e-01,4.038861991949687091e-01,3.144303040958916773e-01,2.039207978827251300e-01,1.506347737413628318e-01,3.474828191727812876e-01,3.429319337233185383e-01,4.622435155131501272e-01,3.522947921580185660e-01,2.806967957649335599e-01,3.149215029680782485e-01,1.796834679881961772e-01,3.421611242050476842e-01,2.649686080375392994e-01,1.867698033858804507e-01,1.855422265063580156e-01,9.405734091889141057e-02,1.308566302407805360e-01,-4.717857388787630168e-02,-8.837614225396492329e-02,-3.923812556897801618e-02,-1.090519836180696839e-01,-1.519630651755282391e-01,-2.906340091833730654e-01,-1.628703476839858943e-01,-2.030575720593848499e-01,-2.458349184391321884e-01,-1.716276948461090968e-01,-4.301442250799196731e-01,-5.460446360434245694e-01,-5.623388619591659365e-01,-7.166201778924951027e-01,-7.230341434353840802e-01,-9.179799488736505308e-01,-9.661639399617018009e-01,-9.997718065324810999e-01
-3.848979232200803735e-01,-1.634763311728387181e-01,-1.297802529842511654e-01,9.427005954664641196e-03,1.047907624560525386e-01,2.557913417051770333e-01,2.487795752623144785e-01,2.530101491188639362e-01,6.602528320447246246e-01,7.624664970683014964e-01,6.694892737491517920e-01,6.135220205007857475e-01,5.198125241779686379e-01,7.588745842999832236e-01,7.320617609304742590e-01,4.687318289651987158e-01,4.375666012788042014e-01,2.664088687660786103e-01,2.448715464582178480e-01,2.966081229788100071e-01,2.476909833177676212e-01,3.157584721292763796e-01,1.849991870799698734e-01,1.956691254882415576e-01,1.995052355578793013e-01,2.026217529048331689e-01,2.627041233085962713e-01,1.137662206991945646e-01,1.869911263275366442e-01,3.061883493040654658e-01,2.368691127436346744e-01,1.870743262158668929e-01,7.993880317075169328e-02,-9.865063600067816053e-04,2.363122888132774824e-01,8.720167941457325489e-02,1.707134659541612864e-01,6.924588334326482741e-02,-2.343405390194217702e-02,6.262961139337513972e-02,-9.031232050166090874e-02,-1.647465028083329730e-01,-1.856249667808999859e-01,-1.166733776970294151e-01,-1.553359753492041251e-01,-1.787683092999790280e-01,-3.279909193118898392e-01,-3.205208185187581882e-01,-3.048128989805117817e-01,-2.969810215569301803e-01,-3.211647513364994655e-01,-4.421665381194098687e-01,-5.214139717871860702e-01,-6.159599428542399391e-01,-8.615450551142711522e-01,-9.650422868426244971e-01,-1.088373774627195312e+00,-1.017723482612759245e+00,-1.037198213485713616e+00
-3.881315989661072718e-01,-3.836694650286813779e-01,-2.111880947538865294e-01,1.318233316945872230e-02,1.335649782448019296e-01,2.181000555043390854e-01,2.741776157634031597e-01,2.978470030290448212e-01,2.362275559991926510e-01,4.127276475567583369e-01,4.959351828091652092e-01,5.322041738883377393e-01,4.848674355764599486e-01,3.650165769296920271e-01,4.271143972304255465e-01,3.657911961873292483e-01,3.369039836062959203e-01,2.396590027283057589e-01,3.309670094811932306e-01,2.343093017448686921e-01,2.438650084616968972e-01,3.162552498709083615e-01,7.412302071184470598e-02,1.702082418277197640e-01,2.065754296025988646e-01,1.261590469646445556e-01,2.615924390376695441e-01,3.042501311121385554e-01,2.802692755354099785e-01,4.058706330241279026e-01,2.430192634823337694e-01,2.945974134445534798e-01,8.101251484470990694e-02,2.378651733414533509e-01,2.317409294282241072e-01,1.738288239864249907e-01,3.827821345533929248e-02,7.047595273805894178e-02,-4.353498140346131334e-02,-6.689084083784227475e-02,-2.074662296832848474e-01,-2.300374878672782619e-01,-2.262081786666489125e-01,-1.080934755376439377e-01,-7.067267769999550919e-02,-2.862226224846928235e-01,-3.958054886759974633e-01,-3.399933005375715411e-01,-3.456611444435235270e-01,-4.871867989591154302e-01,-5.477512906426241779e-01,-7.573148098075018764e-01,-5.805129960961812330e-01,-6.032358961165544819e-01,-7.145086278967305304e-01,-7.338906317438667060e-01,-8.472006825315653300e-01,-9.363506263797219953e-01,-8.874386915823083699e-01
-3.869446505914159729e-01,-2.687352210959953469e-01,-1.395140416308871811e-01,-1.023706643871766242e-01,-8.651655650679525300e-02,-9.887199904025402442e-02,6.115844326014796550e-02,2.781022403344817207e-01,2.225500036285958660e-01,1.618904912748071467e-01,2.596205144414239219e-01,3.173273304166696063e-01,2.758896728597521331e-01,1.747102996618052628e-01,2.297677637390989902e-01,1.079149323679886446e-01,2.197121375216856409e-01,3.281641667380195138e-01,3.173415029195356118e-01,4.095482070770914418e-01,2.453309930861727328e-01,2.900662400098851235e-01,2.288084049191319858e-01,2.750725694026080470e-01,1.978801048244238914e-01,1.786214187002511666e-01,1.788820562447672735e-01,2.730352728284747288e-01,2.006594667079170946e-01,3.396232475719691002e-01,5.165544110529488586e-01,3.683605464641739324e-01,3.349835237007073308e-01,1.892624971538443002e-01,2.932453555243814680e-01,1.698919612868912687e-01,9.807817522606324112e-02,1.327740554478244184e-01,-1.022622174766995851e-01,-9.382768423986452555e-02,-1.349726061988167358e-01,-1.484126168008345070e-01,-1.851374539402344255e-01,-1.627485407133853479e-01,-8.135860078027444542e-02,-3.451668392781471750e-01,-3.886869615852194260e-01,-3.353549750934649021e-01,-4.274140929344699691e-01,-4.590571094447457035e-01,-4.691424246716817681e-01,-6.027606741737007168e-01,-4.815590338929391367e-01,-5.890502303799252104e-01,-7.019625564393920936e-01,-5.887062924272471465e-01,-6.350756630332480279e-01,-7.222628178465720916e-01,-5.937715473690885482e-01
-4.598148624222322400e-01,-2.473619395345276473e-01,-3.164155363033627211e-02,-1.926895680211407058e-01,-1.307356576606383790e-02,9.283431455178135783e-02,1.455560566610677453e-01,9.647902084882677143e-02,-5.489809454653529763e-02,-1.652346630657153953e-03,-1.827970224713258707e-01,1.231381385061419975e-01,1.284087071534842917e-01,1.591594207220950810e-02,-4.150247490204127948e-02,1.915192681072855688e-02,7.279997627515380487e-02,4.401850882293338596e-02,1.389644851655738034e-01,3.214273044157254233e-01,1.156453459501174813e-01,9.305187736699035983e-02,4.534194827326953198e-02,6.595729966951302536e-02,4.088069634729346591e-02,8.917240298300392609e-02,1.659511415897181874e-01,1.866055747644929375e-01,2.906925269916034726e-01,2.308756598491776835e-01,3.088615590272780764e-01,2.812286292238156404e-01,2.068449887979516288e-01,8.329600833179247321e-02,7.165940932641526318e-02,1.581940506861885254e-01,1.981323590268389001e-01,1.471004966080422527e-01,1.287803613219470344e-01,1.584917163204886681e-01,7.036432154213527468e-02,8.291460990979533652e-02,-5.534855238178620906e-02,-8.167472631517777582e-02,-1.975622655001491867e-01,-2.350012504522201173e-01,-2.639834847045774979e-01,-2.030494539121688036e-01,5.878621064201925133e-04,-1.491411007428043167e-01,-3.313662597665503751e-01,-3.180250640520584926e-01,-2.167192747692658072e-01,-3.734098640954939263e-01,-4.245241527571613771e-01,-4.693750789861358408e-01,-3.422191579114405857e-01,-2.865498463367723847e-01,-2.797048512535954545e-01
-3.128756659323356226e-01,-2.580459181044446604e-01,-9.895273308152707781e-02,-4.425100062225829911e-03,3.985570272140971128e-03,-2.669036395248334387e-02,9.103272054130519264e-02,1.213430316550973831e-01,1.000791521833591380e-01,-1.700859040773592679e-01,-2.054609480752437045e-01,-2.037786075009869746e-01,-1.972079958902039631e-01,-1.518104437149885022e-01,-2.848045602106403784e-01,-2.037312186342104814e-01,-1.186833718821436040e-02,2.022258399456493272e-02,-4.081243099455887646e-02,1.182471288490622163e-01,3.860707399577243543e-02,1.025925378609772627e-02,5.718214893248362712e-02,5.911002946216790954e-02,-1.533720270512720779e-02,4.884172862893239320e-02,1.675063056669292560e-01,1.414764112822090025e-01,2.482667703248217506e-01,2.010004501576186375e-01,3.329159819089625993e-01,2.559912526851770287e-01,3.153960736594071945e-01,3.266020335902856675e-01,3.119283814236170627e-01,2.368398655666875963e-01,2.764658111339234337e-01,2.221873823099076717e-01,1.673525708265049816e-01,2.437424237772650992e-01,1.644151536743888864e-01,-6.508463021519911296e-02,1.267372825472949487e-02,2.368773419498762176e-02,-1.489027483492945114e-01,-1.063155874962772723e-01,-1.259106583280577007e-01,-1.030984023605387989e-01,-1.918840087714428558e-02,5.068142053770133965e-02,-6.236251706133168898e-02,-1.080355963477829945e-01,-6.920385911661675049e-02,-7.971756273095371992e-02,-3.352714642314758714e-02,-3.102401945707990993e-01,-4.183713518052089575e-01,-2.077667268807739942e-01,-1.883056160623294562e-01
-5.009655418879733757e-01,-4.785252927897675201e-01,-2.682100219052425683e-01,-7.119952066143937774e-02,-5.585060905657011909e-02,-1.321985197157141967e-01,6.464279778101120200e-02,1.756269286526333517e-01,1.409712476248217994e-01,5.126856381257133971e-02,8.411127092990694498e-02,1.236050571671162279e-01,-4.398087234904696219e-02,-9.976365800124815941e-02,-7.581072999283008235e-03,7.974825471012735034e-02,1.218635902287535794e-01,1.156241993290710868e-01,2.015031570482251830e-02,1.143439950361454238e-01,4.743231094875709902e-02,1.050400145277924496e-01,1.528020915795567092e-01,8.579789336403480238e-02,1.051911723309228580e-01,1.131831359631412515e-01,1.358527987567509920e-01,4.898690737619738195e-02,1.214482925398456259e-01,1.475997839090038566e-01,1.873513630619928760e-01,1.579679251333226120e-01,1.919233216174556222e-01,2.858579334535808480e-01,2.982623799543337451e-01,1.475099735881154894e-01,2.162047442987223844e-01,2.844108138337830272e-01,1.766271679245780268e-01,1.112653803210423981e-01,1.177106087589887412e-01,7.724407455332045480e-02,2.199757178821432346e-01,-4.365429033621654603e-02,-5.030127696777641350e-02,-5.257589157861556478e-02,1.298844506446533154e-01,1.247691056753510025e-01,-5.330318686588560173e-02,-7.233237367603813361e-02,-3.123685057493975556e-02,-1.150104560394698272e-01,-1.288749850486712867e-01,-1.926557319661388601e-01,-7.218687874397199111e-02,-1.286295427963328741e-01,-3.066129491479935298e-01,-1.890869609171102750e-01,-2.073408369896935777e-01
-4.897382334711484764e-01,-4.805896105973859189e-01,-2.619761229056212781e-01,-9.307082686023304685e-02,-4.663624966392275473e-02,-5.327334530595169426e-02,-2.526744529665122738e-02,1.694424475346608949e-01,2.052039391407702862e-01,1.874930367849960422e-01,2.252813357413354367e-01,2.170245433062507612e-01,1.921785006247793692e-01,1.182760982763218366e-01,2.118636552264621387e-01,2.213482333662878110e-01,1.693127884397489513e-01,1.638173139933395972e-01,2.234052541928801816e-01,1.769266446753776922e-01,2.526845381200314988e-01,3.206106742035226831e-01,5.838444208143940550e-02,2.145295957561202116e-01,2.139581042759182150e-01,2.120091406372648368e-01,2.092125791753748909e-01,2.773157928406087547e-01,3.217743683585138625e-01,4.215532134982654666e-01,4.374643393591264307e-01,5.391687308091073216e-01,2.640629873025501229e-01,2.321002684229952762e-01,2.252300245815742341e-01,2.625001457080310407e-01,3.987926014858503287e-01,4.144536599355676532e-01,3.847361865006452830e-01,1.847283632987615498e-01,1.604071372065222212e-01,1.387156756348055797e-01,2.422667378716656938e-01,2.400169806564884933e-01,5.864784863840390161e-02,2.688110135789346100e-01,1.669121898192093001e-01,3.050883937211866237e-01,3.263287176765184427e-01,2.966009489021823042e-01,1.617087653547276405e-01,1.842441095619068436e-02,-6.343147938965665311e-02,-2.097510445110139510e-01,-7.987008226575337266e-02,-1.823360863727705242e-02,-1.319317830436348149e-01,-8.641672869228309017e-02,-2.415594155221735262e-01
-4.547267249489052032e-01,-4.465780789448791643e-01,-2.794626065365007350e-01,-2.270802125140468364e-01,-1.039806108624822256e-01,-5.475877908297837465e-02,-4.135092008533031854e-02,1.168690835513920556e-01,5.068922308625168488e-02,1.902122845591331934e-01,2.489827906276501635e-01,2.145336566788328680e-01,3.296420029462830970e-01,3.050820253162138673e-01,3.671966057136049622e-01,4.650888479089396732e-01,4.241755337704737894e-01,4.713879441273599591e-01,5.017093003376352778e-01,5.322649654146581755e-01,6.178387252361112747e-01,5.439199828720194807e-01,4.088367861233133116e-01,4.807040900299797137e-01,3.149917333365115923e-01,3.401117156886475645e-01,3.996502050738160450e-01,4.762708205105249948e-01,5.619774163389387178e-01,4.556318339614693902e-01,4.718227454797240816e-01,5.179528219368511044e-01,5.010597981055616712e-01,3.992824278287199768e-01,3.979354243743729036e-01,3.984021645033818393e-01,4.554194581692274091e-01,4.957359743128289531e-01,3.385170484522757595e-01,1.719036448797957306e-01,3.237707675315366074e-01,3.788142379823377648e-01,3.558048851338077578e-01,2.922035339096737960e-01,3.192406474772878644e-01,3.244642474367552265e-01,3.795111490231042883e-01,5.173117590477639416e-01,4.840002714795876293e-01,4.923124357024528663e-01,1.923886970012458342e-01,1.711460385370593695e-01,5.054625759722651546e-02,-8.095087622014070228e-02,5.944291747302689333e-03,8.177596229736325273e-02,5.440831742563433104e-02,-7.788082076084501537e-03,-8.745727133650456342e-02
-4.471733211028684485e-01,-4.258538794824928142e-01,-2.580698876579090029e-01,-2.414995240340080118e-01,-1.560191310849304847e-01,-1.236847450873912804e-02,-1.359846472239426354e-02,-2.474865527451099514e-02,1.994592613464369474e-03,1.253178983593873086e-01,3.658253937135168554e-01,4.244862154332414428e-01,3.488623704379780754e-01,3.128794004739804957e-01,4.256633551369554125e-01,6.122369543285189897e-01,5.870312433608849689e-01,5.292084917205146510e-01,6.085976429609754046e-01,6.798117234734155634e-01,8.172585526212392537e-01,7.873031787041413487e-01,4.265833843633754507e-01,4.649610229887493618e-01,4.626191143061789135e-01,5.316727880121101535e-01,5.651964871168008164e-01,4.565637167856934076e-01,6.456461031374355342e-01,6.206826258829770682e-01,5.025789979049555267e-01,4.893034915829881926e-01,5.955431504533079679e-01,5.402187020816080487e-01,4.162746070108759855e-01,3.056054701582530675e-01,3.408995435784117900e-01,4.184248916017339615e-01,3.056046983386621618e-01,2.405288046756378917e-01,3.100729869003926442e-01,5.334318761727266933e-01,5.473835756956633158e-01,5.248580388709119804e-01,5.011870929053381385e-01,4.926429018280465422e-01,5.578683503462270599e-01,5.073857552464270393e-01,6.241010342856739834e-01,5.045334041955189530e-01,4.828873824703811546e-01,3.095648711686823651e-01,4.155630322573840019e-01,3.389744230230327116e-01,1.384759926518795980e-01,3.356649435252770375e-02,7.821485026001287477e-02,5.466849994845154881e-02,1.033261194586998083e-01
-4.649492588422374229e-01,-4.181303898824214604e-01,-4.397466549331716656e-01,-4.273037145809302495e-01,-3.168638950695801815e-01,-1.399504668382705874e-01,-1.031055991510817921e-01,-9.314250045188111546e-03,2.812338388660131153e-02,9.856637515402351390e-02,1.330370217278118161e-01,2.552857531655421952e-01,3.512439716028332160e-01,3.239469640153219698e-01,4.210944692417278312e-01,4.177785141363398180e-01,4.669758406370960735e-01,4.775790647241658360e-01,5.016089311174658505e-01,6.692411747723202575e-01,7.013487437596033214e-01,8.494182648087689191e-01,5.912963542236258085e-01,4.266965397108183344e-01,4.902551826856180739e-01,5.152524335632463481e-01,5.680178588069108025e-01,5.357604845281962458e-01,5.702908946196809659e-01,5.895189211415216013e-01,5.519691935746040556e-01,6.886296911922313857e-01,6.315871340612331242e-01,5.506213416514486036e-01,5.023407851743177943e-01,3.811094324179721271e-01,3.055926522068746487e-01,3.032945581018978709e-01,4.178435654992451176e-01,4.011506744825159010e-01,4.566061900291811249e-01,6.547580434517253911e-01,5.890616611858646712e-01,5.557362947566943934e-01,5.265220937683734448e-01,6.097785340875597759e-01,7.696127744574468021e-01,5.992616290932877288e-01,3.815784869248844968e-01,3.182768341300606374e-01,5.603193230079503984e-01,5.919930120472898238e-01,4.063722147672625407e-01,3.494768516074843734e-01,3.401944561392050148e-01,4.540683133015771533e-01,3.242657512283081411e-01,1.484910098067123707e-01,4.521572790804807007e-01
-7.326814609190431815e-01,-7.745623563714570947e-01,-5.837651901429860013e-01,-5.546784861323295068e-01,-5.442868565744857223e-01,-4.566068582411844101e-01,-3.565962136492037415e-01,-9.942931965581829068e-02,-9.013972257949248723e-02,1.265070736592335821e-02,4.945776873982039856e-02,2.181180150531467354e-01,2.583021745644242806e-01,2.230735519043960668e-01,3.569150261513802658e-01,3.900853432635892348e-01,4.246375268036805539e-01,3.959633688091846460e-01,4.817759588967513440e-01,6.083011771755697517e-01,6.324257887887284602e-01,6.924093215910583909e-01,6.832801884642525359e-01,4.524561447616714527e-01,5.470773922518104015e-01,5.557241434470884256e-01,5.017304674184842606e-01,4.880772037580958234e-01,6.260454335203290421e-01,7.271852916718819504e-01,8.114383151936127581e-01,7.763662196949789873e-01,6.620284634638688992e-01,5.635142404092077228e-01,4.389270590621660584e-01,4.625917359445343990e-01,5.513855062393532291e-01,6.160704682988429326e-01,5.723984241537687367e-01,5.945968235902626686e-01,6.553663373923439561e-01,6.834218468182402528e-01,7.123248846472348683e-01,6.008373342724059318e-01,6.759246440576763826e-01,5.720479484041202101e-01,6.574690999962444771e-01,4.999960989392591149e-01,5.516080150796159876e-01,7.445592091134052293e-01,5.972659257442910485e-01,4.803412637394197104e-01,4.933514881895786353e-01,3.422693285140966934e-01,4.016200519705377947e-01,4.621806491602929445e-01,4.034288413919239202e-01,2.944812177286251775e-01,1.913383116780551230e-01
-8.449360455976704376e-01,-8.862292844887000864e-01,-6.904594225831101051e-01,-7.081927595073751469e-01,-6.725419599149395911e-01,-4.896229000729018788e-01,-4.526373489457414245e-01,-2.694063321814147427e-01,-2.477100740138948320e-01,-2.483641949724620379e-01,-7.309514658474662585e-02,-6.623033105809600363e-02,3.385456418396656092e-02,8.077860287820928797e-02,2.299286787069842464e-01,3.108527443240310939e-01,3.405215114437898927e-01,3.605000468074343045e-01,4.719629177655869090e-01,6.135119115262637202e-01,6.572802476431445218e-01,7.270419971309326490e-01,5.888181885022257811e-01,4.466905460061404431e-01,5.426552770367026879e-01,5.276153945817162461e-01,5.825751155649355750e-01,4.375287322817085212e-01,6.088116158231572372e-01,7.232476526360562818e-01,7.914660104661055406e-01,8.237478293609028501e-01,7.058497374975510885e-01,6.005393984719349376e-01,5.059607542094255450e-01,7.049752675371333543e-01,7.017296381567719177e-01,6.491341460185534595e-01,5.821683196548064210e-01,6.035619562948496553e-01,6.022544780589023095e-01,7.725757782338741331e-01,8.851788896677436069e-01,7.089841116072890248e-01,7.999379281405994968e-01,8.554222267166905480e-01,7.625354779736039923e-01,7.048685449238935030e-01,6.563214413140274761e-01,7.077661388632845441e-01,6.420976461883266539e-01,7.020624127274345261e-01,6.911537125522733138e-01,5.650223713107845880e-01,5.463869839114867677e-01,4.691737312391721093e-01,2.721331927044111088e-01,3.251803452867784161e-01,4.161149811199676418e-01
-6.891596739177668907e-01,-7.122925914928133206e-01,-7.167066752463037149e-01,-6.451864476830218020e-01,-6.240756072533841792e-01,-6.024187339339812652e-01,-4.829550721382789291e-01,-3.528373813076838839e-01,-4.337509325644643421e-01,-3.030520136699019207e-01,-1.855338788516243398e-01,-6.864754362373673424e-02,6.275405723807243874e-02,5.051234039488495392e-02,1.562886310750892793e-01,2.446592007824296977e-01,4.416146175314069611e-01,4.660729700021350452e-01,3.729977298411431552e-01,4.981148488499287930e-01,5.195778106820120312e-01,6.675126828254579481e-01,5.940855303599829051e-01,4.904194027319641602e-01,4.730925449296797258e-01,5.079400700564324911e-01,5.241039436498888815e-01,4.794597987431635788e-01,5.547862893899434544e-01,6.487875637918167904e-01,6.612024072129719654e-01,6.602976528752144691e-01,7.087092635079691449e-01,7.726360453308914744e-01,7.344133336873625018e-01,5.898495105448329223e-01,6.617144462833588481e-01,6.457312094008172965e-01,6.451278284758595882e-01,8.252190435039361560e-01,7.711802503658041763e-01,7.956251982364616060e-01,9.115792060951779519e-01,8.090135161617791892e-01,8.407718223836657678e-01,8.985498232533055685e-01,8.747583665325671110e-01,9.806614607586167098e-01,7.932083609893215703e-01,6.601441871241074955e-01,6.440285118996947888e-01,5.887457511425768786e-01,6.775568588750807697e-01,7.027473707104177070e-01,6.465005678586265292e-01,5.122048747640610689e-01,3.768549783850330126e-01,3.574925589763184308e-01,3.526549891574167761e-01
-7.082841176247084425e-01,-6.872870455885119467e-01,-6.238838409227189796e-01,-6.099222192196827041e-01,-6.914802448093615439e-01,-7.184975382884891681e-01,-6.292084960605616173e-01,-4.179207160123077358e-01,-3.691710094258867647e-01,-2.095088741001520927e-01,-6.432762931691114738e-02,-6.322496441481396945e-03,-5.653271796225015078e-02,7.879762528880004946e-02,1.699955480291351906e-01,1.710860240787687170e-01,4.624308983556684183e-01,3.329386803655641769e-01,4.457164727639904567e-01,4.460181642802728552e-01,5.906619209874188758e-01,5.140975542447824287e-01,4.560140366122397704e-01,5.394244414120070719e-01,5.735834238760229020e-01,5.345785205898158088e-01,5.775904464454972853e-01,5.354289395792911632e-01,6.025579611539602087e-01,7.334570582057474697e-01,7.961913544306629120e-01,7.294846747766672301e-01,7.244893380540445849e-01,6.915077982601274265e-01,9.219422738840883369e-01,6.619238797568433030e-01,6.023242964178245895e-01,6.417936749504326022e-01,6.934286672515553862e-01,6.921621033167367765e-01,8.232757268391576178e-01,8.493853999533528265e-01,9.447171326542311842e-01,9.793516825833356032e-01,1.004615439465269100e+00,1.072084183519978584e+00,1.134632940926729727e+00,1.120891566006201101e+00,1.198627544217416352e+00,9.839819336160818830e-01,9.235962921683802396e-01,9.448143762817907687e-01,9.089142587886079871e-01,7.037548120048742195e-01,8.387062777312310757e-01,6.138792109639819028e-01,6.760345015175769356e-01,5.872743732428509222e-01,4.459940318016558658e-01
-7.048580028456667979e-01,-7.853100066642835220e-01,-7.546771842062258706e-01,-6.968296993796763150e-01,-8.096594854562201293e-01,-7.499366990038218717e-01,-8.243000837293136263e-01,-6.565747519217658423e-01,-4.884545531642244809e-01,-4.071149416017535438e-01,-3.071007691804723549e-01,-1.459676758105964978e-01,1.663300259557152702e-02,-5.425199480608915159e-02,7.189396224813868197e-02,1.325221531882883885e-01,1.325274696985218603e-01,2.323593910321396228e-01,2.933481084343692591e-01,4.379378000077444044e-01,4.729341688905609464e-01,5.684950323455867371e-01,4.749902767509904811e-01,4.967530020034502947e-01,5.340918122823304914e-01,5.731815126104335967e-01,5.776874895317898329e-01,5.269273774606232363e-01,5.929715754869848698e-01,6.253564696511006993e-01,7.014541421097901797e-01,7.505461061287330704e-01,7.022679392433707202e-01,7.422250036630446690e-01,7.977668770970436363e-01,7.801522254809279966e-01,7.044727715975365179e-01,7.099576043610336118e-01,7.032893063880718554e-01,6.719821783353215894e-01,7.422275695770971238e-01,7.778253042312701648e-01,9.512385271032447465e-01,9.834615585952363181e-01,1.121744318127586126e+00,1.242083198066948002e+00,1.188545608166149847e+00,1.085376183959341878e+00,1.219263900737740602e+00,1.046675487009360417e+00,9.725483624827305773e-01,1.116174563591118440e+00,1.043792366228732948e+00,8.391096638736239566e-01,8.515107182238655925e-01,7.305323582855802744e-01,7.280283355077136198e-01,6.909370436639726831e-01,6.547214260186990931e-01
-8.550149370199625620e-01,-7.826539886858420170e-01,-6.980000485269426402e-01,-6.980490705118237438e-01,-7.408748295969059816e-01,-7.664146249167839153e-01,-6.929572886663195597e-01,-6.603309627874027754e-01,-5.056844002923283066e-01,-4.961921017911069542e-01,-4.668808644590172752e-01,-3.812789374925683039e-01,-1.898893474046827734e-01,6.659012871118256266e-03,-4.392451394120742460e-03,2.842623067056638392e-02,9.138923022721659462e-02,1.433617615352651142e-01,3.326335262830827921e-01,3.106941031792172514e-01,3.285495805575216477e-01,4.271183345061425607e-01,4.366607107016155509e-01,4.983334374463591621e-01,5.436786552275345574e-01,6.625851093663664981e-01,6.689219891770971094e-01,5.511699979406005090e-01,6.476243394371204998e-01,7.077071819121737439e-01,6.795176956124955314e-01,7.300652069730053650e-01,8.710058932359309170e-01,8.458785734401257361e-01,7.210411193548290631e-01,7.256680714361085638e-01,6.111906478687311184e-01,6.674756434396149629e-01,7.039101337739918085e-01,8.074118440349888903e-01,8.800579187841093276e-01,8.911569097827561903e-01,8.799300580761301172e-01,9.474469351550320884e-01,1.052867853624842143e+00,1.211524281329242392e+00,1.197879206398922536e+00,1.157286011254240465e+00,1.267698860783240011e+00,1.097149684614363574e+00,1.148405400362587869e+00,1.240933200381138191e+00,1.003944189605044501e+00,8.897584062426445728e-01,1.024512975479736854e+00,8.555141472314214957e-01,7.307696492238361374e-01,8.052250021162153937e-01,7.531166795629425925e-01
-8.358545681724934839e-01,-7.254561658354794496e-01,-7.127692104944288731e-01,-7.549720467499145826e-01,-6.624800337393220717e-01,-6.385477283520284431e-01,-5.856167755957014665e-01,-6.953781101924444430e-01,-4.818855105121665483e-01,-5.680015040341560573e-01,-4.808001792231810234e-01,-4.454195830948057822e-01,-2.668565899168765521e-01,-2.585360981866495211e-01,-6.595487236460702285e-02,2.960888099617285316e-02,1.103705324952177907e-01,1.649265290937473871e-01,1.890777371655287531e-01,3.115329211445086455e-01,4.682837078553602206e-01,5.403070683830716314e-01,4.519356266881482953e-01,4.725635538832640425e-01,4.520087823595160814e-01,5.560759738223133297e-01,5.331093647627669352e-01,5.560993518093871879e-01,5.837893314522274446e-01,7.694559312220542457e-01,7.315716047522475840e-01,7.050815980386874182e-01,6.878031124060582924e-01,8.452796710584223883e-01,6.700555505156005065e-01,7.813749878749451927e-01,6.525334445900061731e-01,5.895013408021700929e-01,6.752665435981588526e-01,7.270247078284846065e-01,7.474039263416313306e-01,8.871782251518975926e-01,9.094282948708439784e-01,8.559792291036715239e-01,8.606903652355420986e-01,1.007105418694755894e+00,1.172136717182043153e+00,1.171396430228971663e+00,1.367193145220577444e+00,1.179242108332943184e+00,1.184022178339836362e+00,1.295279144717468967e+00,1.133468940443380202e+00,1.231684425967255470e+00,1.184161788463106157e+00,1.117789280114439565e+00,1.131616109807237480e+00,8.452038580827085923e-01,8.486007131259912795e-01
-6.717525716294970861e-01,-7.243851647832455498e-01,-7.004440636341856541e-01,-6.534339957247881081e-01,-6.188318936511296720e-01,-5.147642111377092045e-01,-5.902549597272137571e-01,-7.170387985404219622e-01,-5.852049285035153536e-01,-4.763347449121658195e-01,-4.823228573560902621e-01,-4.445289117449461314e-01,-2.907467613133384865e-01,-2.459837005098269302e-01,-2.193857156130873121e-01,-7.945406510176315773e-02,1.273944962932519465e-01,6.006321497082459798e-02,2.526683190956106884e-02,2.602267906241672035e-01,3.080815662649886155e-01,5.943402927355055931e-01,5.399628356337482504e-01,3.660645923394643120e-01,4.021940355305413939e-01,5.768912569747859376e-01,5.498747266412813417e-01,5.675069229412790239e-01,5.466579074976224417e-01,6.755283017460878003e-01,7.568577613167138951e-01,7.703772864270107545e-01,7.057409015209674674e-01,6.128822764517815047e-01,5.832824666931550883e-01,6.847071054688459446e-01,7.401183163158193690e-01,6.299456582698249596e-01,6.933640331322067363e-01,6.425745354642918850e-01,7.850194501445266759e-01,8.028588174455825177e-01,9.319999800699582115e-01,1.012123074799493816e+00,9.549240548105977222e-01,1.043274423620125679e+00,1.069833934510977302e+00,1.153233386834920715e+00,1.260734828945619723e+00,1.180971887800335240e+00,1.164897211138267608e+00,1.148466953339429386e+00,1.029891394337457911e+00,1.097589655839207312e+00,1.089120238201522595e+00,1.076281801857968290e+00,1.191632183942926915e+00,1.090733608338320337e+00,1.076225999916207599e+00
-6.064793288335393884e-01,-6.197341086005472288e-01,-4.861744067547705273e-01,-6.222883174801979722e-01,-5.896174367328009813e-01,-6.343174126805333213e-01,-7.094964545893024388e-01,-5.696483089173834946e-01,-5.367543875131638442e-01,-4.716614759976898164e-01,-5.092424060616856929e-01,-3.906993946856156530e-01,-2.424172062520485726e-01,-1.672066915511920826e-01,-1.584877545907641960e-01,-1.654730014802475446e-01,-1.308166161070464517e-01,1.674469226882110279e-02,-1.205996563611123756e-01,8.795124779442745067e-02,1.872245208161397723e-01,4.469597218979947106e-01,4.511612135112931243e-01,3.569936631792555715e-01,4.124128706323350602e-01,4.637056581251314258e-01,5.991705887494771510e-01,5.775438132521842904e-01,7.347098157429958754e-01,7.886347529324535532e-01,7.664736373063173458e-01,8.232471020519346316e-01,7.132755252496346676e-01,7.925850500616152816e-01,7.368115636044808570e-01,8.725341924983874842e-01,7.314447884166955793e-01,8.154315141884324047e-01,7.615604663593379398e-01,7.499966629373558957e-01,7.604336016419455113e-01,7.723912485673672945e-01,9.241834190862732168e-01,1.020910385179825797e+00,9.662393680809008290e-01,1.066379294430447988e+00,1.162748752914049000e+00,9.511115233203349950e-01,9.793150628151270354e-01,1.021482552275865263e+00,1.053309830835205130e+00,1.245302183418221853e+00,9.502252179632063589e-01,1.097712126334028149e+00,1.318344861035983140e+00,1.302467707557611876e+00,1.285681584053054216e+00,1.186111318701559947e+00,1.252081316834171787e+00
-5.524770222698724975e-01,-5.211299859630924569e-01,-4.766626648299357449e-01,-5.760236288973861196e-01,-7.080828983113240938e-01,-7.072748823487023939e-01,-7.856629680830783391e-01,-6.460359294079000003e-01,-4.385015529913069421e-01,-4.777711879317955712e-01,-4.488549712312673856e-01,-4.367454610048838726e-01,-2.899639328351067968e-01,-2.567941141594109467e-01,-2.586214690593566234e-01,-2.786770353718613924e-01,-2.059311869379376603e-01,-2.084079668217557815e-02,-6.975903439576544574e-02,-2.497835610886033411e-02,9.183751417265394179e-02,1.007444055248769565e-01,2.781767099182697045e-01,3.432070621030205992e-01,5.164167366573988449e-01,4.911281905285865834e-01,4.574167561784164282e-01,5.045591113845252496e-01,7.330350177122831878e-01,8.678530119440643897e-01,8.193480494317356699e-01,8.979130214507371477e-01,8.549414652493406708e-01,8.975932300284898968e-01,9.275770543215782205e-01,8.712296088389892557e-01,8.866681345404177073e-01,7.535582359784437356e-01,7.488152807493925200e-01,7.660229419222461811e-01,8.759330472475383988e-01,8.142997175134681909e-01,8.150054356758605900e-01,1.012925178322181541e+00,9.115587551189099358e-01,9.988906503235313039e-01,8.629212150295439976e-01,8.716046251932538791e-01,9.441582260961537409e-01,1.156173660062189024e+00,1.171721303322465157e+00,1.302849639633240519e+00,1.176393669136591047e+00,1.138022878249470571e+00,1.250985813552779824e+00,1.311394984323859481e+00,1.267478806425672788e+00,1.156699384222563687e+00,1.058169214020507676e+00
-5.604574778386025580e-01,-5.284294543530866362e-01,-4.922355587519983700e-01,-6.123076804544197449e-01,-5.324017216836584021e-01,-6.885563058129753333e-01,-6.930357491887303434e-01,-5.188027978798394058e-01,-5.435802907050449884e-01,-3.934793298454931643e-01,-3.736121821208519544e-01,-4.070418907220194615e-01,-2.629789092346347945e-01,-1.851002574486558527e-01,-1.641922803863996860e-01,-1.755569592238798715e-01,-1.026245814365465969e-01,2.192334966410731251e-02,1.016566228940681826e-01,1.465947531174713325e-01,6.574632660395321460e-02,1.126568640199768073e-01,1.382918638604120065e-01,3.136964798189518233e-01,2.792622173646149841e-01,3.398228755253856481e-01,5.357822612901428361e-01,6.037147368758435384e-01,7.059430247419634652e-01,8.848279480658107765e-01,1.025206001136513612e+00,1.149951811591968909e+00,1.013161984316417241e+00,1.161386618083687594e+00,1.117965237143173196e+00,1.080762976464440417e+00,9.465220095254649468e-01,9.450719013647121969e-01,9.052665428197016473e-01,8.581765504282858892e-01,8.022625535422731602e-01,8.829520505500204619e-01,9.688411314541167663e-01,1.085936373758531470e+00,1.050680082198078180e+00,1.062822592455409110e+00,9.973734430846928900e-01,8.855185063576862525e-01,9.646707669749299274e-01,1.164098638821858156e+00,1.216323025553423420e+00,1.308126364333877634e+00,1.133942774503415407e+00,1.126571857200386884e+00,1.268334393283968353e+00,1.396084447760994607e+00,1.388721145101532439e+00,1.229224772604565086e+00,1.221368080684513080e+00
-5.208067714742207199e-01,-5.758230293467078154e-01,-5.456937912355792619e-01,-6.259046081247973126e-01,-5.688272792808023448e-01,-7.061997348325180779e-01,-6.250525709766006077e-01,-5.423063176117502993e-01,-4.912804808779464016e-01,-4.923944557935558408e-01,-3.830225623168354576e-01,-4.492203681349133948e-01,-3.205079482892351228e-01,-1.966930933701173390e-01,3.321321074271310625e-02,3.821456489210708907e-02,8.290516650717551228e-02,1.964898565555613097e-01,1.262964883945467964e-01,1.580611242134221939e-01,8.661197587716915058e-02,8.243126516140632243e-02,4.833684854432315076e-02,2.020318597568037111e-01,2.456091627087789719e-01,1.851624586039238574e-01,5.229405681690318941e-01,5.109273601313366608e-01,6.076183658816163291e-01,7.078117558276154631e-01,9.707790107339575592e-01,1.040664019248784156e+00,8.397796867014873934e-01,1.025021297583605939e+00,1.020494371836498049e+00,1.044758621571496127e+00,9.560294942546256891e-01,9.770475958696366314e-01,8.901241180098895533e-01,8.949416636934854896e-01,8.301056789263645541e-01,8.328677735002467664e-01,8.064956430995453562e-01,9.174503182603283014e-01,9.391627691107379272e-01,1.086463528560378755e+00,1.164587713957642823e+00,9.152761148400320179e-01,8.932999947070405788e-01,9.879512638280726344e-01,1.152433171248892885e+00,1.208163685006168109e+00,1.144801740396050871e+00,1.050969846318756895e+00,1.072010832188214469e+00,1.354525183827966384e+00,1.418340000821467051e+00,1.328232954694280599e+00,1.231849715487824959e+00
-7.135270207861561520e-01,-6.955651704221134102e-01,-6.979354596762108454e-01,-6.032337726659765531e-01,-5.446226130109714791e-01,-6.166933168294307377e-01,-5.975240344646890467e-01,-5.043947355746708494e-01,-5.055107714926060369e-01,-4.784187299498705026e-01,-4.398935238321252106e-01,-3.779820669851726711e-01,-2.217465333700863461e-01,-1.141896220921516381e-01,-1.207978870012626181e-02,1.361289985647289591e-01,2.689965952021646789e-01,2.211979342030339080e-01,6.245291868306915989e-02,9.207829338481146597e-02,6.721310522020632061e-02,-1.835696722959733601e-02,-2.406693618038710514e-02,-1.706404858075208017e-02,5.010639827353399051e-02,1.683118264066602032e-01,2.249537153617243157e-01,3.215397558531752908e-01,4.447487029515392876e-01,6.801255102008598730e-01,8.518943340711437884e-01,9.853362349730601100e-01,8.184971058479992845e-01,8.779184819000991347e-01,9.316311135987067615e-01,8.909648002591272764e-01,9.097623587527564615e-01,8.141103880879596577e-01,8.295649673523677325e-01,6.677574528509880869e-01,6.849551448788497865e-01,7.973954513814529577e-01,8.252523246748008079e-01,9.043483005004823161e-01,9.826075200999644377e-01,1.010249963196004019e+00,9.631839212343703549e-01,9.224046293154933851e-01,9.006013403908665893e-01,9.421672276057537765e-01,1.171128681595240417e+00,1.157571749128395888e+00,1.144143838027257942e+00,1.169081171230132332e+00,1.128712527064371196e+00,1.215402540148335264e+00,1.314158753825838799e+00,1.372678333038921172e+00,1.290759697284413754e+00
-7.433811170036529470e-01,-7.181743016424294579e-01,-7.124267648087774241e-01,-7.163804386245090638e-01,-6.232503649990610572e-01,-6.005464787645413693e-01,-6.067051074836102842e-01,-5.388271110795430641e-01,-4.476134565838428281e-01,-4.235717303129364342e-01,-4.032397556241301695e-01,-2.218833200230114766e-01,-1.475102943161558378e-01,-1.847590278467605915e-02,-2.632993497878313022e-02,1.508624425427603118e-02,1.958008797342787322e-01,2.151604234553676498e-01,1.649045341370681816e-01,8.803629936888160423e-02,1.371249990035097732e-01,4.194350449950498549e-02,-6.394370506132220251e-03,-9.746983702138199701e-02,-1.383843405004683662e-02,1.251252544235769426e-01,1.813689977264702491e-01,1.104784366125868139e-01,4.887854569759343404e-01,6.068721550897487882e-01,8.132962401861830726e-01,9.547896837862930308e-01,7.097551403870550057e-01,8.416151826548713411e-01,6.963716184871576731e-01,8.396234063334497844e-01,8.338512614859696637e-01,8.346909563083622086e-01,8.627205391225643005e-01,7.960785194353007244e-01,7.302470544014519893e-01,8.709873063655663161e-01,8.430062529873736388e-01,8.907692427237537958e-01,7.894436994094210513e-01,7.426095703678504689e-01,8.641607256540797533e-01,7.930082892801189054e-01,9.633706534470359850e-01,1.059525048272219383e+00,1.162902996373743392e+00,1.348148581647160782e+00,1.212761797039158873e+00,1.215881448252203789e+00,1.241057419736215195e+00,1.338567335742186559e+00,1.343687535680265555e+00,1.268538077248686724e+00,1.347982021827245358e+00
-7.716665978337350351e-01,-7.273495228018732606e-01,-6.532954146593633604e-01,-5.636561214287070243e-01,-5.645668408410002836e-01,-6.198541684236203997e-01,-6.423845238407284164e-01,-5.090459352533367454e-01,-4.977807257728625867e-01,-4.722684083866224292e-01,-3.636302747371238375e-01,-3.082213621860122044e-01,-1.062266656323949815e-01,-1.802693857694376983e-02,5.181358622348111037e-02,1.002129140592742385e-01,1.627416261078641901e-01,2.365862296398404396e-01,1.488558114462961157e-01,1.274673071434645477e-01,4.995077792408408879e-02,5.444390637317077924e-02,1.123473404989371455e-01,4.007758469080646008e-02,2.695997507589582495e-02,9.382071178261677802e-02,1.242981626674091317e-01,1.618660525632470981e-01,2.670264874629091900e-01,4.121636140459992159e-01,5.020386398562532992e-01,7.400497738901341549e-01,7.540235088755181669e-01,7.533859174786459167e-01,6.318240707829971825e-01,7.585209019234602223e-01,8.093201479093696804e-01,7.983111395679008959e-01,8.332159994661469948e-01,8.083125066560251648e-01,6.652442354255774237e-01,6.572241661974965732e-01,7.397924697889046719e-01,7.434330619634061943e-01,8.140060568237673655e-01,7.026527837971261459e-01,8.209669756032641486e-01,8.655159371306366811e-01,9.956295345755287185e-01,9.594952232012282645e-01,1.039922308733572498e+00,1.252101567582285524e+00,1.274025395618409773e+00,1.177166368254976891e+00,1.313759432924464177e+00,1.379790510437774786e+00,1.416431603354505686e+00,1.402278634478608454e+00,1.231260924157587144e+00
-4.559696674775532976e-01,-4.389198315036412779e-01,-4.805578486279967199e-01,-4.608262553672352047e-01,-4.425408192348613268e-01,-4.272183886784241547e-01,-5.159629120715081285e-01,-4.219516513058384488e-01,-4.502239301626724255e-01,-4.150355597993827805e-01,-2.270779448305339232e-01,-1.438314381354338367e-01,-6.983262818407376393e-02,9.795301967848195346e-02,1.230324500815533351e-01,1.202196219844410413e-01,1.133945775387179833e-01,1.365995358623828260e-01,2.612192156441350277e-01,2.438313359622482079e-01,3.106201296501899800e-01,5.300445551790883281e-01,4.008752139373875090e-01,3.779329021825906243e-01,3.637718936370384348e-01,3.004446954473045106e-01,4.689902574521463974e-01,4.188800441084407633e-01,5.136152482754363646e-01,5.447317935225345353e-01,6.113150787302612521e-01,6.870946534563706631e-01,6.496826898510634773e-01,6.814858933415295361e-01,7.104368612582079301e-01,7.673394796626523684e-01,8.332585502165500424e-01,7.711518465695147428e-01,7.309667351565276583e-01,7.002326253785818855e-01,7.619944769028682563e-01,7.776420147718426934e-01,6.668048762639243732e-01,6.352450774908330322e-01,6.675190505777317540e-01,8.534439749546037790e-01,8.250566283690312641e-01,8.633774946393021343e-01,8.098743890063563322e-01,9.520698425491631589e-01,1.075238584599206737e+00,1.193462839806414211e+00,1.125784491260957143e+00,1.231869105383473162e+00,1.223749573205265007e+00,1.347285449820518011e+00,1.409147958012048285e+00,1.321618052019978728e+00,1.402877678514558912e+00
-4.719649466847261610e-01,-4.653469297829159190e-01,-5.154525055596071992e-01,-5.004873344234912480e-01,-5.012002571816711605e-01,-4.499850767328485435e-01,-4.339621530528893212e-01,-4.878636585920236302e-01,-5.066051284110065778e-01,-4.056428649299907985e-01,-3.108948344644830164e-01,-2.509491841037133630e-01,-1.394108055080854613e-01,2.513871131363197564e-02,4.780782010468435927e-02,6.946053275575661545e-02,1.805531172862346878e-01,2.055937134680703160e-01,2.583469800171802611e-01,3.943701976033608947e-01,3.664402920326192969e-01,4.274043566091313973e-01,5.027687573830390555e-01,4.470047914465687944e-01,3.696342818350946691e-01,3.461488665432476131e-01,5.801553470893305864e-01,4.885409482280703153e-01,6.030603835701648929e-01,6.488283905436927901e-01,7.170363479752528413e-01,7.312843104744191081e-01,6.871052099345481556e-01,6.921327783829812619e-01,7.034968007346065200e-01,7.447331007756925469e-01,8.477288725317085882e-01,7.987465234261135194e-01,8.726814077314368756e-01,8.468678015795215730e-01,7.481129357271434355e-01,7.798704028399657817e-01,6.913102867244697025e-01,6.786683660510748339e-01,6.810168590452877480e-01,6.743181442643936263e-01,7.369227089012863052e-01,7.996127987596244324e-01,7.980486417050076664e-01,8.627834847213041725e-01,9.322339133839022685e-01,1.111047846474181755e+00,1.018721540858879671e+00,1.125758347941514748e+00,1.218733861816686970e+00,1.337005437952969888e+00,1.240060724671028680e+00,1.289491862856499749e+00,1.279611757939633332e+00
-4.616042633395405215e-01,-5.358508558659408338e-01,-4.605074580331447454e-01,-4.100310331127415830e-01,-5.000913265863764501e-01,-4.951731883952119051e-01,-5.398052620960990255e-01,-5.492803495036298056e-01,-4.426486794566147354e-01,-3.507496467174008870e-01,-2.214025344795867711e-01,-2.064880790758045204e-01,-1.771127503332029229e-01,-9.777295687078853270e-02,-7.433478769802422115e-02,1.913546911037406484e-01,1.196114341197300340e-01,1.883698777995753137e-01,3.049449618887103974e-01,4.625548573638552097e-01,4.536061229980415388e-01,5.295721157865022066e-01,4.698933470701310289e-01,5.715122365274637461e-01,4.951589534542588100e-01,6.383741752886070708e-01,7.389570896182059423e-01,6.973000237486948194e-01,7.572201799251816468e-01,7.793439524650463968e-01,7.553481596199254078e-01,8.058417289054442545e-01,7.175716804201484056e-01,6.436979394680698574e-01,7.935228274987433661e-01,8.423201833636942970e-01,9.476449327887579432e-01,8.403765695530349689e-01,8.167868441584251737e-01,8.988149054953630257e-01,8.623462378232455983e-01,8.632318698555313530e-01,8.022157732162772392e-01,8.453539993216206971e-01,9.335963280951500298e-01,9.501357421908764866e-01,8.073853721862596089e-01,7.775695060397700420e-01,8.902833007293988743e-01,9.867697256681023932e-01,1.071033140624672697e+00,1.195851396439384207e+00,1.144770048784312211e+00,1.081163208484899885e+00,1.111061122437551729e+00,1.158386812567654189e+00,1.177753356292251086e+00,1.026028717220929254e+00,1.215878392283721299e+00
-3.509655035491694441e-01,-4.210010381537540591e-01,-2.567908918007466568e-01,-4.402957500059158646e-01,-3.611316659465011458e-01,-4.968047694369845391e-01,-5.335727177560027901e-01,-5.087121827331986257e-01,-4.584721302307347979e-01,-3.442351417355476451e-01,-2.507034742057837051e-01,-1.866159265596216976e-01,-1.046886401732666227e-01,-6.290961534788265530e-02,1.379176391637030041e-01,1.539359940620225742e-01,2.113148656787590951e-01,2.744014113075119443e-01,2.657117945483027377e-01,4.412033668816866538e-01,5.215319125416045809e-01,5.008991557520828808e-01,4.573150238858440519e-01,5.716799546225113104e-01,4.962122865895756130e-01,5.876566646968413021e-01,6.932113532661096089e-01,7.283873755071174072e-01,8.022959000867793122e-01,8.147711228102805237e-01,6.993653288105983190e-01,7.072969312661452346e-01,7.487677332263671381e-01,7.109893391015698061e-01,8.190416236038975395e-01,8.288183393923445053e-01,9.333362296009296566e-01,8.976414403737699166e-01,8.420458616673399677e-01,8.760477579081504818e-01,8.317974764141105037e-01,8.548771518835548422e-01,8.458589033987129469e-01,9.554064002685487278e-01,9.685163220986209298e-01,1.029730223851454518e+00,9.339786076041467489e-01,8.684044915490611860e-01,8.399970542884641622e-01,8.263303305671011456e-01,8.256639994684706885e-01,9.641457954783821949e-01,9.989238146445563737e-01,1.055731547577061002e+00,1.022904207388226627e+00,1.104009749862246537e+00,1.124061588960709290e+00,1.162425893721406256e+00,1.142145211580407604e+00
-3.441282700373909376e-01,-2.052450387407674381e-01,-2.124397382604380213e-01,-2.687568037646608787e-01,-3.701030358888959260e-01,-4.270065254943299915e-01,-4.619331463088869327e-01,-4.314706972506299198e-01,-3.548382742960466962e-01,-2.386947493210445359e-01,-1.788264254251464846e-01,-1.539676756527428858e-01,-2.549866486494497056e-03,8.343134282939350388e-02,2.058397935296605863e-01,2.602042075849542169e-01,2.218434112330640584e-01,2.854954810762191375e-01,3.590191156900870428e-01,3.264351904700164564e-01,3.899248874447998614e-01,3.873903214987923227e-01,3.740755798081480954e-01,4.543976347680764860e-01,5.478425806018795141e-01,6.931866397085549858e-01,7.068494532588330825e-01,6.248794188620702128e-01,6.227405529097888026e-01,6.693581153798263683e-01,6.552184894917018054e-01,6.856357914452388957e-01,6.139423817159623820e-01,6.969812752318516047e-01,8.136602797107971297e-01,8.292153052829713822e-01,8.461846000064171536e-01,9.325889734807651932e-01,9.649248447436502563e-01,1.063021500514361062e+00,8.323101197075274404e-01,8.360512532679000852e-01,8.950375448520627719e-01,8.860672478058689849e-01,7.386906347910112691e-01,8.815618797326576495e-01,7.076450791734117951e-01,6.556769319070945290e-01,7.931870305190450443e-01,8.353743884157275312e-01,9.092837943326826933e-01,9.223767176062332984e-01,9.440615739677412632e-01,9.347767702479167218e-01,1.037799532150281312e+00,1.122749897990500179e+00,1.123407628966372362e+00,1.147005156736843334e+00,1.185432851006650967e+00
-1.491390112412728786e-01,-3.632142098691878984e-01,-2.223474619305525757e-01,-2.601273910274869983e-01,-3.024188056812728287e-01,-3.553273352660552553e-01,-3.448403657402986933e-01,-2.897415771977116528e-01,-1.867770372018791036e-01,-1.285755841118393639e-01,1.074096342191294129e-02,7.287109754702340847e-02,1.033928646007574587e-01,1.589060500423087607e-01,2.757370202502870127e-01,2.075005524216168573e-01,2.738144764109405327e-01,2.565283239813231919e-01,3.528550082879899907e-01,4.406126905417876438e-01,4.961889846465884490e-01,3.774360252287617956e-01,3.411682145421394696e-01,4.635450001988569713e-01,4.495653858368109934e-01,5.200951591710802902e-01,6.624420468017787611e-01,5.742285551474530791e-01,5.896895436307021399e-01,6.002800671194469251e-01,6.094378994124253213e-01,6.381481243485864763e-01,7.101357194810553608e-01,7.752324839002229240e-01,8.463922049694025951e-01,7.737514444149854453e-01,9.215107895353478185e-01,9.510865143740994121e-01,1.038613399976823448e+00,9.927639371415230007e-01,8.529729111616005666e-01,8.867829270253350105e-01,7.162320826080710301e-01,7.000509263229590662e-01,7.917154790354001825e-01,7.164863344503062947e-01,6.844100938592655448e-01,5.880487558880407306e-01,5.676272412110854315e-01,7.260182321183991094e-01,7.352630118631900968e-01,8.127081550056634018e-01,8.872203840789008034e-01,8.365383799160681644e-01,1.072090082029441893e+00,1.090372726390774094e+00,1.185709737174761136e+00,1.059997060466805419e+00,1.047865191592879608e+00
-1.077153372449878542e-02,-1.923859273503228384e-01,-1.952392474870067451e-01,-3.398209399557043930e-01,-2.643679370363674619e-01,-3.028549414621851676e-01,-2.684810337442742889e-01,-1.863070199991677112e-01,-8.409894856679087094e-02,3.415178451431383645e-03,1.157570173803101760e-01,9.023612119492541161e-02,4.171789117995484963e-02,1.869232942498494920e-01,1.945159644621691220e-01,1.853355057266636852e-01,2.655821934946607787e-01,3.290145434925406676e-01,3.485091265404078320e-01,3.197222997097515229e-01,3.717425284367406046e-01,4.454963852245785727e-01,4.522326114801439312e-01,6.230240252324321659e-01,6.046309965727009184e-01,5.852249587398624664e-01,5.979369702461513336e-01,4.581470159948968779e-01,4.973017676870264414e-01,4.646968469131958490e-01,6.149304306943982334e-01,6.444335069401475602e-01,6.982846135313429681e-01,7.547929745134071000e-01,9.464067970127443274e-01,7.941366843944285270e-01,9.347188093814126075e-01,9.510911101720513905e-01,1.009576968515269568e+00,8.876028250769879557e-01,9.488987662763017639e-01,8.492186849496621281e-01,6.413156854863093503e-01,6.553691777341343894e-01,6.593406474769477610e-01,7.620437362611837129e-01,5.928526429458639280e-01,5.504962233372798774e-01,5.286416224398493569e-01,5.666775237100452056e-01,7.213113482337010218e-01,7.842920531221442282e-01,9.555268306182945759e-01,9.592139056346884463e-01,8.511274688822035861e-01,1.128035644410768867e+00,1.022213155430169218e+00,9.808504112073072045e-01,8.523068398548881985e-01
-9.853065485152649738e-02,-1.845824576209034451e-01,-1.284251240930222582e-01,-1.504817183575616890e-01,-2.325885222711404354e-01,-1.943265143359188263e-01,-1.617908171324926592e-01,-4.829895764050488177e-02,2.074701966021937419e-02,-3.179027469724458183e-02,-3.280849835643334655e-02,2.896053195291910243e-02,1.387530160316754468e-01,1.397007603595238068e-01,2.069432664102129338e-01,2.216848016483529693e-01,1.665611325143804833e-01,2.261591909159376967e-01,4.084212719023428417e-01,4.781964703976616105e-01,4.979427012203372360e-01,5.314234198666154541e-01,5.711404333737967187e-01,6.707997905313956011e-01,7.500850177954944131e-01,7.531017456962910694e-01,5.410467403190695190e-01,4.446900139600722390e-01,4.655581498873972990e-01,4.153124511004928077e-01,3.913679570027241983e-01,5.679769242699905796e-01,6.955667359249063653e-01,7.166837803313486077e-01,8.492889627824796728e-01,8.016442813338832130e-01,9.456782609898114478e-01,1.008953229130066687e+00,8.179476487303755095e-01,8.114373461599629911e-01,7.279706669692510568e-01,8.482056267458640830e-01,5.940354077233579444e-01,5.818254543465577466e-01,6.170910527936956935e-01,5.768408808510488983e-01,5.454088936570006263e-01,4.923002975558338212e-01,3.589507337594080028e-01,3.683890140593326645e-01,5.348045560028868994e-01,5.331560663715346760e-01,6.547539067582386352e-01,7.295372583523078713e-01,6.754685326587979155e-01,7.143983157669260287e-01,9.880041144479814186e-01,1.015667679033014581e+00,7.226117530870275196e-01
-1.706764417562869340e-01,-2.224589948444302689e-01,-4.168734289102960650e-02,-9.092667926396419409e-02,-1.081538929527345039e-01,-1.210966195304905429e-01,-1.494508503907566177e-01,-7.583120501673991376e-02,-1.214598766279585684e-02,9.589616526006636277e-02,3.040315826612825442e-02,5.631956876137604595e-02,7.175947212639552375e-02,1.908313593877580261e-01,2.322730215254246722e-01,2.421745359404146036e-01,3.131277172671394493e-01,2.829564639670469339e-01,4.395825282319781313e-01,5.011357380962341290e-01,6.226486046943864316e-01,6.167966147926903231e-01,6.877217170465625973e-01,8.443199635714940809e-01,8.318345396516304557e-01,8.359021204018410867e-01,7.750450762589876641e-01,4.781108759594886459e-01,6.143525163634897535e-01,5.985696176848251948e-01,5.798958797789356412e-01,6.599332353437733500e-01,6.579031239904340467e-01,7.056017380037132858e-01,7.833840664334910109e-01,7.282590595847709958e-01,7.925583963378317609e-01,7.715100237002611161e-01,8.524737677834265392e-01,8.500999645472354649e-01,7.999818597335910386e-01,8.394802698542053188e-01,7.472390743984843597e-01,7.123323549944787780e-01,6.592196200327951061e-01,5.906525168554582761e-01,5.617427180190498470e-01,6.159212652112934228e-01,5.384874486644991576e-01,4.245836098269776260e-01,5.325013118678286750e-01,5.266411734926191857e-01,6.303981290964572048e-01,5.383052857910662903e-01,5.917660046540569319e-01,5.356513087586177724e-01,5.564711626460412397e-01,5.911044747794161891e-01,3.206613755143286615e-01
-2.644127607313273010e-01,-2.781522396318535373e-01,-2.152307885488497774e-01,-3.184711076354241333e-01,-3.152725093319900251e-01,-2.229122949691052513e-01,-1.714804700469756138e-01,-1.541710061482339245e-01,2.733597699608521919e-02,1.365437694360339127e-01,1.597950653958097322e-01,1.483613688658782237e-01,2.144512816879924066e-01,2.540994341420542146e-01,2.494045737720335942e-01,2.065928049901430419e-01,2.603031381033052427e-01,2.406802640027939089e-01,4.096680664162662966e-01,6.280766965793024292e-01,7.238129388626294292e-01,7.705956813731255073e-01,6.035835927903178133e-01,7.432581553890598158e-01,6.976959361889787381e-01,8.827309930180486930e-01,8.166319422626701074e-01,8.239261028702266065e-01,8.724800739596891841e-01,7.213496062360182925e-01,7.407300600401938162e-01,8.570334689954177687e-01,8.804368533865889468e-01,8.829541867806636191e-01,8.610968086452824855e-01,8.049806987435056405e-01,7.594791089592022315e-01,7.465645476667643887e-01,8.643603769310046481e-01,9.037492731212252162e-01,8.230066902786046246e-01,9.247727950579504030e-01,8.064837856600115540e-01,7.406198424622942866e-01,8.132588013611299349e-01,8.815488619437533702e-01,7.553347785013901916e-01,5.978642830835524391e-01,6.439118436616444452e-01,5.473638485640761608e-01,5.141029523915895405e-01,5.471659218467459507e-01,5.216947545366210637e-01,4.579794687877067338e-01,4.438914429631923286e-01,4.977153789420467600e-01,2.437108535448738178e-01,2.049591073419962939e-01,1.042144184678955032e-01
-3.631912843013088144e-01,-5.075484587553111826e-01,-4.422626607008730004e-01,-3.323375850655148067e-01,-3.807360178627917646e-01,-3.313418150220051039e-01,-2.721782671056341973e-01,-2.050733154435490646e-01,-1.626372077090224022e-01,-3.145343900356654260e-02,-1.214488992477300161e-01,-4.369380626598214079e-02,1.267089929504270907e-01,1.414888724367877881e-01,1.963722894688589293e-01,7.810001410414124656e-02,1.914477808213100318e-01,2.137275621790223068e-01,3.473850387336215317e-01,4.095333021971815923e-01,5.050677182065133053e-01,6.500902413035881677e-01,5.425957232784707207e-01,4.657311735033494160e-01,5.041998358832495697e-01,5.589177014764126206e-01,6.653256957073016009e-01,7.612588706065012145e-01,7.499774051408398812e-01,7.482414942477205733e-01,8.090015986683171123e-01,9.232744296778819804e-01,9.435617376219318508e-01,9.620455758583668082e-01,9.217606078075472054e-01,8.775779563944356987e-01,8.958736327572405234e-01,9.629594946323930538e-01,8.603506774832118120e-01,1.001154253990843346e+00,8.106979430116627583e-01,7.074727764929134022e-01,7.174394562287280674e-01,8.457626188603700745e-01,7.253444281803381744e-01,6.930388744438075177e-01,6.991103934396307729e-01,6.321318109981524103e-01,7.047092677379467318e-01,6.144361726574667504e-01,5.275847028691098561e-01,5.809265878406204564e-01,5.398321325691914918e-01,3.547622124689473466e-01,3.082004357320449195e-01,3.108856146403689569e-01,2.745777140721371579e-01,1.230839326001629541e-01,2.766473305210560008e-01
-5.247073443296162987e-01,-4.767156603430039996e-01,-3.654226269235903990e-01,-3.353970036848676339e-01,-1.954116617735026096e-01,-2.408887766669514652e-01,-2.760375122460499986e-01,-2.437718215754394180e-01,-1.439606649216720879e-01,-2.544497374851516225e-02,5.781294906910057659e-03,7.767090470470308650e-02,6.434480078397047942e-02,8.991238066064709267e-02,1.918092365356730833e-01,7.873687399162328238e-02,1.935225926773015970e-01,2.145421142938683245e-01,2.416490688819968313e-01,4.296232279098738394e-01,3.861964844385907258e-01,5.836685247016192291e-01,5.059999034441778898e-01,4.605792115354966909e-01,6.012486793719098443e-01,7.860880916549571884e-01,8.783387159717797044e-01,9.289129248888645662e-01,1.001595041257852481e+00,9.937373363235055823e-01,1.033990534011936191e+00,1.101703744468886637e+00,1.066784979616843154e+00,1.158823701927199190e+00,1.173016526856087705e+00,1.109887297829183828e+00,1.096269093008184647e+00,1.079557937904574993e+00,1.134415023633510655e+00,1.009721453819374837e+00,9.217284713418130160e-01,8.591908845326592381e-01,8.200402519627537634e-01,9.676306232902429638e-01,6.775121783043096535e-01,5.984609819344322013e-01,6.111280155688292304e-01,6.089352866998124503e-01,6.157666045371313901e-01,6.014806749697882982e-01,6.026842023220501110e-01,5.159757696227365020e-01,3.209990998354560476e-01,2.376919734412825391e-01,2.778915192777907106e-01,2.176484137477521785e-01,2.191129858198632707e-01,2.227021979206079139e-01,8.779380257362603968e-02
-4.063340943445240550e-01,-3.779834123834080462e-01,-3.243554112785983490e-01,-2.868999990906044295e-01,-3.809282593648326554e-01,-4.145378785118175036e-01,-3.091331681616893423e-01,-5.734279642474870986e-02,5.889914239236295618e-02,1.669113400713994819e-02,2.457136964259528517e-02,1.158233888572599291e-01,1.121060980605084745e-01,9.493417027236682182e-02,1.694295446375140290e-01,9.207701670539840400e-02,1.620289787661158831e-01,2.106933081600067814e-01,3.261275951321504496e-01,3.796693689417510176e-01,6.926036462579530095e-01,7.130177636474724912e-01,6.988228074287868852e-01,6.493410036049528378e-01,7.824812981233824072e-01,9.624534446561351375e-01,1.050138624000690246e+00,1.002193694065945717e+00,1.104887700643443216e+00,1.308344256132868422e+00,1.343043402071367742e+00,1.266933291133471418e+00,1.252729169089634276e+00,1.260959952509911108e+00,1.338791638545454132e+00,1.280118672759298137e+00,1.249943568136210104e+00,1.219256270307771617e+00,1.155895570188641530e+00,1.227420322956656928e+00,9.920474921486376330e-01,8.882299094764029013e-01,7.641166940262292817e-01,8.967681891744951894e-01,7.366479893883168817e-01,6.789239229190398017e-01,7.147867467957285115e-01,6.730123924372983790e-01,4.632548840820344682e-01,4.786688291228140546e-01,6.063879852501734558e-01,4.759825711921591984e-01,3.884845060718154497e-01,3.621683550237376203e-01,3.218950366145355568e-01,1.997714322981860580e-01,1.808185939233380168e-01,2.059242892723748275e-01,-4.318777519229375500e-02
-2.640489977170087932e-01,-4.386089848803521041e-01,-2.232224438732282323e-01,-3.412903335103882330e-01,-4.762649999264746414e-01,-4.191681276920040111e-01,-2.008128471352822186e-01,-7.768300516514003995e-02,1.651399250275054909e-01,2.931467996139454357e-02,1.575904703694316900e-01,1.559839473798811660e-01,2.625027487024340078e-01,1.378094172273389706e-01,1.723932552349123903e-01,1.643878281796883056e-01,2.305019785520698306e-01,3.316473986052003164e-01,5.675593625919270746e-01,6.418495475763156266e-01,7.936404539457609930e-01,8.444232208603824619e-01,7.957593199038321963e-01,7.981090025804095101e-01,8.966223721053564466e-01,1.204589122262850198e+00,1.309269999988495137e+00,1.115495721155369990e+00,1.286635836450137793e+00,1.319356259706973900e+00,1.382674952195332763e+00,1.401275422889608269e+00,1.378488187401073040e+00,1.373818631013151492e+00,1.339582606794751607e+00,1.262431422048668983e+00,1.221964055082883638e+00,1.162735032074330599e+00,1.360247330902791374e+00,1.296509155147000936e+00,1.161871696361643558e+00,9.854020501662649201e-01,7.717081565723951098e-01,6.665389153036455072e-01,9.012347459694187712e-01,9.027291816569081861e-01,7.584357416769256233e-01,5.909125924129046137e-01,5.235275460214083854e-01,4.123622739868137987e-01,5.378362001077248156e-01,6.133299368404111496e-01,4.254856642736435379e-01,4.080523558339814172e-01,2.548465831609393328e-01,3.519337169177206293e-01,2.001399087896039153e-01,1.363137042444373392e-02,-9.791431067596162441e-02
-2.663249914886124392e-01,-3.853345637558055481e-01,-5.572637176721918079e-02,-1.437263137065135643e-01,-1.735293098661335742e-01,-8.190808162927040725e-02,-1.690888591109258876e-01,-5.649949739313631092e-02,1.569823257969967661e-02,7.998075204998485177e-02,1.363243706997042948e-01,2.363223400305636268e-02,1.572652425195004977e-02,3.006863405985486515e-01,2.588222418495866872e-01,4.760589004818985837e-01,6.018108497246033028e-01,5.838077010245390497e-01,6.544588344524508994e-01,7.866247516524925709e-01,8.872949439942935390e-01,9.579280703675947528e-01,1.002320078407483273e+00,1.270113109683984609e+00,1.279735171592658594e+00,1.457642037608498642e+00,1.617029789744707680e+00,1.555552282075742587e+00,1.630910270448740818e+00,1.706591345074533583e+00,1.802678414165806764e+00,1.734880726759948422e+00,1.631313249317424052e+00,1.747842888605805944e+00,1.678509997481880012e+00,1.542221036372915632e+00,1.431930412171374511e+00,1.387827821659556538e+00,1.058895597204145611e+00,1.133501272601165510e+00,9.645076603427046313e-01,9.853601747622823259e-01,1.028307883181116100e+00,9.368928359017533181e-01,9.020956684772534206e-01,9.106807119628534952e-01,9.104759927581727030e-01,6.604490148238438829e-01,6.546706382045607286e-01,5.882367208548204829e-01,5.492895086542115557e-01,5.744345351314992243e-01,5.975192826772793842e-01,6.310202849109999290e-01,4.166949441099142004e-01,4.158254808194319363e-01,4.133190837476961033e-01,2.836611349993757303e-01,-1.086571608364987340e-01
