7.743900418281555176e-01,7.240313887596130371e-01,1.220824599266052246e+00,1.367496848106384277e+00,1.081024646759033203e+00,9.642909765243530273e-01,7.874171733856201172e-01,1.000675201416015625e+00,1.023050427436828613e+00,8.306834101676940918e-01,9.956555962562561035e-01,9.799492359161376953e-01,9.244453310966491699e-01,1.046913623809814453e+00,1.390301465988159180e+00,1.840338706970214844e+00,1.676229000091552734e+00,9.792284369468688965e-01,8.436481952667236328e-01,6.803899407386779785e-01,4.170594215393066406e+00,5.183269977569580078e+00,5.942790031433105469e+00,7.274959564208984375e+00,7.610308170318603516e+00,8.942337036132812500e+00,1.020303535461425781e+01,3.417423725128173828e+00,4.278809070587158203e+00,3.755888223648071289e+00,4.615187644958496094e+00,4.504455566406250000e+00,5.020254611968994141e+00,5.893557071685791016e+00,6.059264659881591797e+00,6.519317626953125000e+00,6.400956153869628906e+00,6.222515583038330078e+00,6.616820812225341797e+00,6.544228076934814453e+00,2.010220527648925781e+01,3.629221343994140625e+01,3.828583526611328125e+01,3.893857192993164062e+01,3.337559509277343750e+01,2.727510261535644531e+01,2.694987487792968750e+01,2.455207824707031250e+01,2.403134536743164062e+01,2.320465660095214844e+01,1.283691787719726562e+01,1.166663646697998047e+01,1.180581665039062500e+01,1.131848049163818359e+01,2.050174331665039062e+01,2.187714195251464844e+01,2.378687477111816406e+01,1.252908039093017578e+01,1.242534923553466797e+01
6.055347919464111328e-01,5.559922456741333008e-01,1.069222569465637207e+00,1.213486909866333008e+00,9.406437873840332031e-01,8.269978165626525879e-01,6.821363568305969238e-01,8.240958452224731445e-01,9.274916052818298340e-01,7.607793807983398438e-01,8.421109318733215332e-01,8.892410397529602051e-01,8.551292419433593750e-01,9.190388321876525879e-01,1.299548745155334473e+00,1.720097541809082031e+00,1.674934387207031250e+00,1.201743364334106445e+00,9.911186099052429199e-01,7.174712419509887695e-01,9.585852622985839844e-01,1.328983426094055176e+00,5.661259174346923828e+00,6.204014301300048828e+00,6.340584754943847656e+00,8.046804428100585938e+00,1.027974033355712891e+01,3.356977462768554688e+00,4.027945041656494141e+00,4.308768749237060547e+00,4.679566383361816406e+00,4.487522602081298828e+00,4.973608016967773438e+00,5.384441852569580078e+00,5.931004047393798828e+00,6.149113655090332031e+00,6.450356006622314453e+00,6.060743808746337891e+00,2.047387313842773438e+01,2.050174713134765625e+01,2.019066619873046875e+01,3.568766403198242188e+01,3.703671646118164062e+01,3.882400894165039062e+01,3.171677589416503906e+01,2.614997291564941406e+01,2.712919616699218750e+01,2.344151878356933594e+01,1.422409915924072266e+01,1.346206283569335938e+01,1.311873531341552734e+01,1.219217014312744141e+01,1.269620704650878906e+01,1.219193744659423828e+01,1.983914756774902344e+01,2.182299041748046875e+01,2.258984184265136719e+01,3.037228012084960938e+01,2.978660011291503906e+01
5.969495177268981934e-01,6.496588587760925293e-01,9.047310352325439453e-01,1.457324981689453125e+00,1.033590912818908691e+00,9.353418946266174316e-01,7.035480737686157227e-01,6.791075468063354492e-01,7.448729872703552246e-01,9.194667935371398926e-01,1.774858355522155762e+00,2.364234447479248047e+00,2.283520698547363281e+00,1.428730607032775879e+00,1.476816058158874512e+00,1.714153170585632324e+00,1.221356511116027832e+00,1.229340553283691406e+00,1.230545520782470703e+00,1.038850545883178711e+00,1.082155823707580566e+00,1.419855117797851562e+00,6.004514217376708984e+00,6.839493751525878906e+00,7.019232273101806641e+00,9.343665122985839844e+00,1.041527652740478516e+01,3.176625013351440430e+00,3.737039804458618164e+00,4.593928813934326172e+00,4.585730075836181641e+00,4.599224567413330078e+00,5.116076469421386719e+00,5.643779754638671875e+00,5.927727699279785156e+00,6.285717010498046875e+00,6.813905239105224609e+00,6.261231422424316406e+00,2.121812057495117188e+01,2.178646278381347656e+01,2.240689086914062500e+01,3.331060409545898438e+01,3.248777389526367188e+01,3.478783798217773438e+01,3.100976371765136719e+01,3.095501708984375000e+01,3.064071846008300781e+01,2.768807029724121094e+01,1.458074951171875000e+01,1.421070194244384766e+01,1.419765758514404297e+01,1.285316753387451172e+01,1.265725708007812500e+01,1.176198482513427734e+01,2.010134124755859375e+01,2.147204589843750000e+01,2.410892105102539062e+01,3.291316223144531250e+01,3.402953720092773438e+01
1.427733898162841797e+00,1.225471019744873047e+00,1.406696200370788574e+00,1.647334814071655273e+00,1.518740773200988770e+00,1.459477424621582031e+00,8.694185018539428711e-01,8.462179303169250488e-01,8.080285787582397461e-01,1.060234427452087402e+00,1.824314594268798828e+00,3.248884201049804688e+00,2.966210842132568359e+00,1.933627724647521973e+00,1.214596629142761230e+00,1.403556346893310547e+00,8.979646563529968262e-01,9.308484196662902832e-01,1.215685844421386719e+00,1.379726529121398926e+00,1.377769231796264648e+00,1.635652065277099609e+00,1.967868566513061523e+00,2.352081775665283203e+00,2.342282772064208984e+00,2.666226148605346680e+00,3.350645303726196289e+00,3.893450498580932617e+00,4.582668781280517578e+00,4.730188369750976562e+00,4.428006649017333984e+00,5.088430404663085938e+00,5.746992111206054688e+00,6.268513679504394531e+00,6.995182514190673828e+00,7.578434944152832031e+00,6.962958812713623047e+00,6.939256668090820312e+00,2.145452117919921875e+01,2.092310905456542969e+01,2.093375396728515625e+01,3.299303054809570312e+01,3.053891944885253906e+01,3.283039093017578125e+01,3.113783454895019531e+01,3.289951324462890625e+01,3.078446197509765625e+01,2.758285903930664062e+01,1.414595508575439453e+01,1.425294303894042969e+01,1.379648399353027344e+01,1.302660846710205078e+01,1.250808620452880859e+01,1.242717266082763672e+01,1.958195686340332031e+01,2.437771034240722656e+01,2.722513008117675781e+01,3.842910385131835938e+01,3.388179016113281250e+01
1.451942682266235352e+00,1.220161080360412598e+00,1.385140061378479004e+00,1.699374437332153320e+00,1.555509924888610840e+00,1.435201406478881836e+00,8.418298959732055664e-01,7.918543815612792969e-01,8.250082731246948242e-01,1.113309264183044434e+00,1.819260835647583008e+00,3.213847160339355469e+00,3.193081140518188477e+00,1.968964099884033203e+00,1.138679027557373047e+00,1.071870446205139160e+00,5.331797599792480469e-01,4.111314713954925537e-01,5.128508806228637695e-01,1.282464742660522461e+00,1.373860597610473633e+00,1.786490797996520996e+00,2.112015962600708008e+00,2.465421915054321289e+00,2.710929393768310547e+00,3.099120855331420898e+00,4.077451705932617188e+00,4.227318763732910156e+00,4.841811656951904297e+00,4.929286956787109375e+00,4.560100555419921875e+00,4.389772891998291016e+00,5.092521667480468750e+00,5.387475967407226562e+00,6.521206855773925781e+00,7.061161994934082031e+00,6.488918304443359375e+00,6.373440265655517578e+00,2.055799865722656250e+01,2.082829475402832031e+01,2.091426086425781250e+01,1.977043342590332031e+01,1.893208694458007812e+01,2.047263336181640625e+01,3.562537765502929688e+01,3.570523452758789062e+01,3.219197082519531250e+01,3.105607986450195312e+01,1.561145210266113281e+01,1.545739555358886719e+01,1.430533027648925781e+01,2.338912010192871094e+01,2.312024688720703125e+01,2.216104507446289062e+01,2.951799392700195312e+01,3.481596755981445312e+01,3.748713684082031250e+01,3.980575942993164062e+01,3.425370407104492188e+01
1.690372347831726074e+00,2.048458099365234375e+00,2.510868549346923828e+00,1.586606502532958984e+00,1.378231883049011230e+00,1.270429015159606934e+00,1.561243057250976562e+00,1.753041028976440430e+00,1.774555206298828125e+00,1.871787071228027344e+00,1.556880593299865723e+00,2.448784828186035156e+00,2.406092166900634766e+00,3.231313943862915039e+00,9.417616724967956543e-01,9.398910999298095703e-01,3.178056776523590088e-01,1.682575196027755737e-01,1.886348724365234375e-01,4.834845662117004395e-01,9.356055259704589844e-01,1.508742213249206543e+00,2.390633106231689453e+00,3.506562471389770508e+00,4.007371902465820312e+00,4.487340927124023438e+00,4.122273445129394531e+00,4.236927986145019531e+00,5.180633544921875000e+00,5.349897861480712891e+00,4.625354766845703125e+00,4.657063007354736328e+00,5.017825126647949219e+00,5.551962375640869141e+00,5.500743389129638672e+00,6.008207321166992188e+00,6.181157588958740234e+00,6.003010272979736328e+00,5.862910270690917969e+00,5.701954364776611328e+00,5.838347434997558594e+00,1.789401817321777344e+01,1.837565612792968750e+01,3.526869583129882812e+01,3.906893539428710938e+01,4.212703704833984375e+01,4.119052505493164062e+01,3.899192428588867188e+01,2.059482383728027344e+01,2.085091781616210938e+01,1.811752700805664062e+01,2.877313041687011719e+01,3.303416061401367188e+01,3.129488372802734375e+01,3.278236770629882812e+01,3.822150421142578125e+01,4.023234558105468750e+01,3.647449493408203125e+01,2.970317077636718750e+01
2.006057739257812500e+00,1.913966417312622070e+00,2.343891382217407227e+00,2.090932607650756836e+00,1.317874193191528320e+00,1.223965883255004883e+00,1.399501562118530273e+00,8.476941585540771484e-01,8.441389799118041992e-01,1.082987189292907715e+00,1.377601146697998047e+00,1.895877838134765625e+00,1.847334980964660645e+00,2.428041696548461914e+00,9.279295802116394043e-01,8.122401833534240723e-01,1.075048744678497314e-01,5.055117234587669373e-02,7.847519963979721069e-02,2.652954161167144775e-01,7.309635877609252930e-01,1.209046602249145508e+00,2.328570842742919922e+00,3.607965469360351562e+00,4.604128837585449219e+00,4.731956958770751953e+00,4.520939350128173828e+00,4.945791721343994141e+00,5.091584205627441406e+00,4.982892990112304688e+00,4.690258502960205078e+00,4.926196098327636719e+00,5.064157485961914062e+00,4.754027843475341797e+00,4.675309181213378906e+00,5.626178741455078125e+00,6.035762786865234375e+00,5.848255157470703125e+00,5.059906482696533203e+00,5.426654815673828125e+00,5.527703285217285156e+00,1.610208702087402344e+01,1.740572547912597656e+01,3.349000167846679688e+01,3.762942123413085938e+01,3.951622009277343750e+01,3.967119979858398438e+01,3.853804397583007812e+01,2.265915489196777344e+01,2.386717224121093750e+01,2.079201126098632812e+01,3.166396903991699219e+01,3.409672927856445312e+01,3.309125518798828125e+01,3.194309043884277344e+01,3.236416625976562500e+01,3.271741485595703125e+01,3.284580230712890625e+01,3.026917648315429688e+01
2.179631710052490234e+00,2.031982421875000000e+00,2.364959955215454102e+00,2.233310937881469727e+00,1.437437534332275391e+00,1.336122989654541016e+00,1.475876450538635254e+00,9.355492591857910156e-01,9.204478859901428223e-01,1.215981602668762207e+00,1.464867353439331055e+00,2.051395893096923828e+00,1.799127817153930664e+00,2.445110321044921875e+00,9.329571127891540527e-01,7.856795787811279297e-01,1.097404807806015015e-01,7.977879047393798828e-02,8.203877508640289307e-02,2.658037841320037842e-01,9.940068721771240234e-01,1.481209993362426758e+00,2.395159482955932617e+00,3.554005861282348633e+00,4.008091926574707031e+00,4.669309139251708984e+00,4.995863437652587891e+00,5.125010490417480469e+00,4.914760112762451172e+00,5.025915622711181641e+00,4.871741771697998047e+00,5.224326133728027344e+00,5.202862739562988281e+00,4.229205608367919922e+00,4.151162624359130859e+00,4.520134925842285156e+00,5.508533000946044922e+00,5.400482654571533203e+00,1.518234062194824219e+01,1.694689369201660156e+01,1.607780456542968750e+01,1.574264049530029297e+01,1.728497314453125000e+01,1.896609878540039062e+01,1.959500694274902344e+01,3.680989837646484375e+01,3.553055572509765625e+01,3.538353729248046875e+01,2.280502128601074219e+01,2.551094818115234375e+01,3.976897048950195312e+01,3.652082443237304688e+01,4.012075805664062500e+01,3.740332031250000000e+01,3.567873764038085938e+01,2.250380897521972656e+01,2.260279273986816406e+01,2.250108528137207031e+01,4.102231216430664062e+01
2.126340150833129883e+00,1.978837847709655762e+00,2.279957532882690430e+00,1.891192913055419922e+00,1.450854301452636719e+00,1.371025800704956055e+00,1.599440455436706543e+00,1.115097165107727051e+00,1.099910259246826172e+00,1.188600301742553711e+00,1.578771352767944336e+00,1.151759624481201172e+00,9.476172924041748047e-01,1.149347782135009766e+00,8.792488574981689453e-01,7.485898137092590332e-01,1.835154145956039429e-01,1.980216056108474731e-01,2.344215959310531616e-01,7.729663252830505371e-01,1.632383704185485840e+00,2.057955265045166016e+00,2.878482103347778320e+00,3.516761541366577148e+00,3.861386299133300781e+00,4.753786563873291016e+00,5.100991249084472656e+00,5.043828010559082031e+00,5.038784980773925781e+00,5.046408176422119141e+00,5.460319042205810547e+00,5.468081474304199219e+00,5.499953269958496094e+00,4.553682327270507812e+00,4.336234092712402344e+00,4.706553936004638672e+00,5.624755382537841797e+00,1.539874839782714844e+01,1.396806812286376953e+01,1.461145687103271484e+01,1.380966377258300781e+01,1.463373184204101562e+01,1.523251724243164062e+01,1.577367019653320312e+01,1.765184783935546875e+01,1.919867706298828125e+01,1.855709648132324219e+01,1.878838920593261719e+01,2.200436401367187500e+01,2.572784233093261719e+01,2.483218574523925781e+01,2.427942848205566406e+01,3.331335067749023438e+01,3.042139053344726562e+01,2.624095535278320312e+01,2.621357727050781250e+01,2.636871719360351562e+01,4.305680465698242188e+01,3.757148742675781250e+01
2.881172418594360352e+00,2.445288181304931641e+00,2.786195993423461914e+00,2.152945995330810547e+00,1.354869604110717773e+00,1.271265149116516113e+00,1.405599951744079590e+00,1.329247832298278809e+00,1.227729201316833496e+00,1.774514317512512207e+00,1.824211120605468750e+00,1.805846571922302246e+00,1.467347383499145508e+00,1.097219109535217285e+00,9.227638244628906250e-01,8.928450942039489746e-01,4.060211181640625000e-01,6.119465827941894531e-01,8.566110730171203613e-01,1.327198386192321777e+00,2.409028291702270508e+00,2.908746004104614258e+00,3.588463068008422852e+00,4.045759677886962891e+00,4.103736400604248047e+00,4.543655395507812500e+00,5.147175312042236328e+00,5.063610076904296875e+00,4.912804603576660156e+00,5.258431434631347656e+00,5.912943840026855469e+00,5.430764675140380859e+00,5.279148578643798828e+00,4.422980308532714844e+00,4.449522018432617188e+00,4.476652622222900391e+00,5.493812084197998047e+00,1.501247787475585938e+01,1.538980674743652344e+01,1.547403907775878906e+01,1.501840305328369141e+01,1.492593860626220703e+01,1.428054141998291016e+01,1.500561332702636719e+01,1.628582191467285156e+01,1.901481819152832031e+01,2.070693588256835938e+01,2.221287536621093750e+01,2.464662742614746094e+01,2.795545768737792969e+01,2.421016883850097656e+01,2.339058685302734375e+01,3.436858749389648438e+01,3.308640289306640625e+01,3.281103515625000000e+01,2.776341438293457031e+01,2.699093437194824219e+01,4.366811752319335938e+01,4.095539474487304688e+01
2.926489353179931641e+00,2.548537254333496094e+00,2.861798524856567383e+00,2.253562450408935547e+00,1.450994014739990234e+00,1.359847903251647949e+00,1.431509494781494141e+00,1.313973426818847656e+00,1.306608557701110840e+00,1.745693683624267578e+00,1.726425886154174805e+00,1.676642417907714844e+00,1.404792428016662598e+00,1.073700308799743652e+00,9.367628097534179688e-01,1.000857353210449219e+00,6.826347112655639648e-01,9.952080249786376953e-01,1.283426403999328613e+00,1.737899303436279297e+00,2.777665853500366211e+00,3.233479976654052734e+00,3.717751979827880859e+00,3.778127193450927734e+00,3.878953695297241211e+00,4.172924518585205078e+00,4.689033985137939453e+00,4.490931987762451172e+00,4.995934009552001953e+00,5.649988174438476562e+00,5.544323444366455078e+00,6.039476871490478516e+00,5.193635463714599609e+00,4.719325542449951172e+00,4.703085422515869141e+00,4.589473247528076172e+00,4.814728736877441406e+00,1.462556743621826172e+01,1.522526168823242188e+01,1.527695941925048828e+01,1.481582069396972656e+01,1.561641788482666016e+01,1.566270256042480469e+01,1.767475891113281250e+01,1.739985847473144531e+01,2.114610099792480469e+01,2.230199623107910156e+01,2.338726234436035156e+01,2.518986320495605469e+01,2.802331542968750000e+01,2.381573486328125000e+01,2.130318450927734375e+01,3.268392181396484375e+01,3.228987884521484375e+01,3.318021392822265625e+01,2.809311103820800781e+01,2.707427215576171875e+01,4.339685058593750000e+01,4.266870880126953125e+01
2.526482582092285156e+00,3.751337051391601562e+00,4.486669540405273438e+00,3.619091033935546875e+00,2.063073873519897461e+00,1.968468427658081055e+00,2.062139034271240234e+00,1.811762332916259766e+00,1.562137365341186523e+00,1.710170507431030273e+00,1.667351245880126953e+00,1.952018976211547852e+00,1.723765134811401367e+00,1.186672925949096680e+00,1.151486039161682129e+00,1.218200445175170898e+00,1.025057435035705566e+00,1.066180109977722168e+00,1.332785129547119141e+00,2.012326478958129883e+00,2.966108083724975586e+00,3.250450611114501953e+00,3.810977220535278320e+00,4.188214778900146484e+00,4.541774272918701172e+00,4.596210479736328125e+00,5.140672683715820312e+00,5.362683296203613281e+00,5.886965751647949219e+00,5.883161544799804688e+00,5.854112625122070312e+00,5.068574428558349609e+00,4.574388504028320312e+00,5.130564212799072266e+00,5.913913726806640625e+00,5.610511779785156250e+00,5.844887256622314453e+00,1.535631561279296875e+01,1.420742130279541016e+01,1.440050315856933594e+01,1.500783729553222656e+01,1.567972087860107422e+01,1.841501808166503906e+01,1.998992156982421875e+01,2.033558273315429688e+01,2.213840103149414062e+01,2.420738983154296875e+01,2.366852378845214844e+01,2.377808952331542969e+01,2.586078643798828125e+01,4.201058578491210938e+01,3.499322509765625000e+01,5.740736007690429688e+01,5.720446395874023438e+01,4.861963272094726562e+01,4.654706954956054688e+01,4.338269042968750000e+01,4.446829605102539062e+01,4.277951049804687500e+01
2.023515939712524414e+00,2.205922126770019531e+00,2.571902751922607422e+00,3.486873388290405273e+00,2.461165189743041992e+00,2.605992555618286133e+00,2.258527994155883789e+00,2.039180517196655273e+00,1.748386740684509277e+00,2.611800432205200195e+00,1.719455838203430176e+00,1.533401846885681152e+00,1.333527565002441406e+00,1.595813393592834473e+00,1.423838496208190918e+00,1.560116052627563477e+00,1.331457853317260742e+00,1.495839238166809082e+00,1.750083208084106445e+00,2.069217205047607422e+00,2.563913822174072266e+00,2.750545978546142578e+00,3.380527973175048828e+00,3.753170013427734375e+00,4.367058753967285156e+00,4.943669795989990234e+00,5.400881767272949219e+00,5.804567813873291016e+00,5.959954738616943359e+00,6.149116039276123047e+00,5.685391426086425781e+00,5.394346237182617188e+00,5.300041198730468750e+00,4.818052291870117188e+00,5.735836505889892578e+00,5.673552513122558594e+00,6.539710044860839844e+00,6.337405204772949219e+00,5.310167789459228516e+00,5.028151035308837891e+00,4.923424720764160156e+00,5.866456508636474609e+00,6.742087841033935547e+00,7.032077312469482422e+00,8.420786857604980469e+00,8.513711929321289062e+00,9.092462539672851562e+00,2.199968719482421875e+01,2.344293022155761719e+01,2.491039657592773438e+01,4.125297164916992188e+01,3.590879821777343750e+01,3.519424057006835938e+01,3.494852066040039062e+01,6.026259613037109375e+01,5.553651046752929688e+01,5.215822219848632812e+01,2.846262168884277344e+01,2.861331367492675781e+01
1.574886679649353027e+00,1.623605847358703613e+00,1.721923947334289551e+00,1.633216500282287598e+00,1.925751209259033203e+00,1.973371505737304688e+00,1.968080997467041016e+00,2.720812797546386719e+00,2.327600240707397461e+00,3.060679435729980469e+00,2.358903408050537109e+00,1.512745022773742676e+00,1.406473159790039062e+00,1.871125102043151855e+00,1.787037372589111328e+00,1.983847022056579590e+00,1.654388189315795898e+00,1.665174365043640137e+00,1.809675574302673340e+00,2.360320329666137695e+00,3.115330696105957031e+00,3.313819646835327148e+00,3.405381679534912109e+00,3.622541427612304688e+00,4.255467414855957031e+00,5.307909011840820312e+00,6.108120441436767578e+00,5.895388603210449219e+00,5.484975337982177734e+00,5.617383003234863281e+00,5.827459335327148438e+00,5.578223228454589844e+00,4.977731704711914062e+00,4.685015201568603516e+00,4.973886013031005859e+00,5.499801158905029297e+00,6.494095325469970703e+00,6.912873744964599609e+00,6.259643077850341797e+00,5.545771121978759766e+00,5.841427326202392578e+00,5.984184265136718750e+00,7.319489002227783203e+00,7.836554050445556641e+00,8.441404342651367188e+00,8.711488723754882812e+00,9.393544197082519531e+00,2.188958740234375000e+01,2.159218025207519531e+01,2.213595771789550781e+01,3.656762695312500000e+01,3.907260513305664062e+01,4.036879730224609375e+01,3.645378112792968750e+01,6.080144882202148438e+01,6.020810699462890625e+01,5.799784851074218750e+01,3.284146118164062500e+01,3.084802818298339844e+01
1.769173264503479004e+00,1.740766882896423340e+00,1.812205433845520020e+00,1.695988774299621582e+00,1.951496839523315430e+00,2.020956516265869141e+00,2.036891937255859375e+00,2.636629819869995117e+00,2.353678703308105469e+00,3.168335676193237305e+00,2.333752870559692383e+00,1.792923212051391602e+00,1.756377935409545898e+00,2.121821641921997070e+00,2.012030363082885742e+00,2.251500368118286133e+00,1.847396850585937500e+00,1.842215180397033691e+00,1.959636330604553223e+00,2.393337011337280273e+00,3.048796176910400391e+00,3.251419782638549805e+00,3.332010269165039062e+00,3.668220996856689453e+00,4.131395339965820312e+00,5.254234313964843750e+00,5.821390151977539062e+00,5.510367870330810547e+00,4.955676555633544922e+00,5.194383621215820312e+00,5.478913784027099609e+00,5.373878955841064453e+00,5.371466159820556641e+00,5.032136440277099609e+00,4.565118312835693359e+00,5.589477062225341797e+00,6.144088268280029297e+00,7.165418148040771484e+00,6.679177284240722656e+00,6.186127662658691406e+00,6.618374347686767578e+00,6.280968189239501953e+00,7.364482879638671875e+00,7.500176429748535156e+00,7.712648868560791016e+00,7.823598861694335938e+00,9.473753929138183594e+00,9.038575172424316406e+00,7.835170269012451172e+00,8.170606613159179688e+00,8.998156547546386719e+00,2.637689208984375000e+01,2.522052192687988281e+01,2.458435630798339844e+01,4.701290130615234375e+01,4.766451263427734375e+01,4.757455825805664062e+01,1.915194129943847656e+01,2.944823455810546875e+01
2.282705307006835938e+00,1.849055171012878418e+00,2.004880189895629883e+00,1.765130400657653809e+00,1.769868016242980957e+00,1.660712122917175293e+00,1.775125980377197266e+00,1.667503118515014648e+00,1.414971351623535156e+00,1.970086812973022461e+00,1.662864446640014648e+00,1.683070659637451172e+00,1.656302094459533691e+00,2.061662435531616211e+00,2.157346248626708984e+00,2.511478424072265625e+00,2.107963800430297852e+00,2.303407192230224609e+00,2.360169410705566406e+00,2.511232614517211914e+00,3.008486509323120117e+00,3.161546945571899414e+00,3.463651657104492188e+00,3.734395503997802734e+00,3.877012968063354492e+00,4.571539402008056641e+00,5.631175518035888672e+00,5.224893569946289062e+00,4.242815017700195312e+00,3.831195592880249023e+00,4.414473056793212891e+00,4.540582656860351562e+00,4.767820358276367188e+00,4.600161552429199219e+00,4.273043155670166016e+00,4.227725505828857422e+00,4.762892246246337891e+00,6.339843273162841797e+00,6.793105602264404297e+00,6.891757965087890625e+00,7.112048149108886719e+00,6.854183197021484375e+00,7.200827598571777344e+00,6.488643646240234375e+00,7.316152095794677734e+00,8.270448684692382812e+00,8.404383659362792969e+00,7.141205787658691406e+00,7.201585292816162109e+00,8.186819076538085938e+00,8.817005157470703125e+00,3.723046112060546875e+01,4.203746795654296875e+01,4.060153198242187500e+01,3.331909561157226562e+01,1.981739997863769531e+01,1.881474113464355469e+01,1.930519866943359375e+01,1.792715263366699219e+01
2.590475797653198242e+00,2.093103408813476562e+00,2.285854339599609375e+00,1.988793969154357910e+00,1.913031220436096191e+00,1.858978986740112305e+00,1.966021418571472168e+00,1.607998251914978027e+00,1.309888601303100586e+00,1.249350786209106445e+00,1.215368151664733887e+00,1.336679577827453613e+00,1.368256926536560059e+00,1.784056663513183594e+00,2.066175699234008789e+00,2.364552021026611328e+00,2.354557752609252930e+00,2.575623512268066406e+00,2.645991086959838867e+00,2.700173377990722656e+00,2.956596136093139648e+00,3.127686977386474609e+00,3.531501770019531250e+00,3.506952524185180664e+00,3.647914171218872070e+00,4.282781124114990234e+00,4.910294055938720703e+00,4.487491607666015625e+00,4.200558662414550781e+00,3.077791213989257812e+00,3.295190334320068359e+00,3.665002584457397461e+00,3.832391977310180664e+00,4.231108665466308594e+00,4.424056529998779297e+00,4.323760032653808594e+00,4.993691444396972656e+00,6.038109779357910156e+00,5.668536663055419922e+00,5.822096347808837891e+00,6.647890567779541016e+00,6.965669631958007812e+00,6.520710945129394531e+00,7.164591312408447266e+00,7.697070598602294922e+00,8.262472152709960938e+00,8.323779106140136719e+00,6.389420509338378906e+00,6.902665138244628906e+00,8.059046745300292969e+00,8.320832252502441406e+00,3.804897308349609375e+01,4.360095214843750000e+01,4.349438095092773438e+01,3.465885162353515625e+01,1.764655113220214844e+01,1.694026947021484375e+01,1.791371345520019531e+01,1.692448043823242188e+01
2.797200202941894531e+00,2.369530916213989258e+00,2.403527498245239258e+00,2.095284938812255859e+00,1.980007410049438477e+00,1.993244409561157227e+00,2.122809171676635742e+00,1.718834161758422852e+00,1.413282275199890137e+00,1.312156558036804199e+00,1.147825360298156738e+00,1.187329888343811035e+00,1.301486253738403320e+00,1.389185190200805664e+00,1.829984903335571289e+00,2.403354883193969727e+00,2.364689350128173828e+00,2.611994743347167969e+00,2.900964260101318359e+00,2.704633235931396484e+00,2.843554496765136719e+00,2.902812242507934570e+00,3.438036441802978516e+00,3.396036386489868164e+00,3.641776084899902344e+00,4.133565425872802734e+00,4.747389793395996094e+00,4.202882289886474609e+00,4.008923530578613281e+00,3.582386732101440430e+00,3.041531085968017578e+00,2.918177843093872070e+00,3.530180931091308594e+00,3.783953189849853516e+00,3.877580881118774414e+00,4.118951320648193359e+00,3.900751829147338867e+00,5.256227016448974609e+00,5.949708461761474609e+00,6.046910285949707031e+00,6.037835597991943359e+00,5.897259235382080078e+00,7.270382881164550781e+00,7.654468059539794922e+00,6.894371032714843750e+00,7.362093925476074219e+00,7.103528022766113281e+00,6.536900997161865234e+00,7.537806987762451172e+00,8.685297012329101562e+00,8.826145172119140625e+00,4.078693389892578125e+01,4.447077178955078125e+01,4.220161056518554688e+01,3.436258316040039062e+01,1.937639617919921875e+01,1.806072616577148438e+01,1.783812904357910156e+01,1.737085914611816406e+01
2.520323276519775391e+00,2.197754859924316406e+00,2.019657373428344727e+00,2.058558940887451172e+00,1.889315009117126465e+00,1.921541213989257812e+00,1.853263020515441895e+00,1.358209013938903809e+00,1.194976449012756348e+00,1.175978660583496094e+00,1.291500329971313477e+00,1.184262156486511230e+00,1.258667588233947754e+00,1.378387331962585449e+00,1.495738506317138672e+00,2.171641111373901367e+00,2.120466947555541992e+00,2.570220470428466797e+00,2.732231378555297852e+00,2.961621522903442383e+00,3.101425170898437500e+00,3.090377330780029297e+00,2.962972402572631836e+00,2.796562194824218750e+00,2.916943311691284180e+00,3.348751544952392578e+00,4.283928394317626953e+00,4.111923217773437500e+00,3.763900279998779297e+00,3.583376169204711914e+00,3.144327640533447266e+00,3.083051919937133789e+00,3.105492830276489258e+00,3.189986467361450195e+00,3.919916152954101562e+00,3.675555944442749023e+00,4.677700519561767578e+00,6.416775703430175781e+00,6.362162113189697266e+00,7.158739566802978516e+00,1.797399330139160156e+01,1.721262168884277344e+01,1.623431777954101562e+01,7.384923934936523438e+00,6.230597019195556641e+00,6.226407527923583984e+00,6.469007015228271484e+00,6.319807052612304688e+00,7.158486366271972656e+00,8.485269546508789062e+00,2.366956710815429688e+01,2.492839431762695312e+01,4.586588668823242188e+01,4.010703277587890625e+01,3.619081115722656250e+01,6.874034881591796875e+00,6.472412109375000000e+00,6.000359058380126953e+00,1.821758651733398438e+01
2.747495889663696289e+00,2.488276243209838867e+00,2.336333751678466797e+00,2.543862104415893555e+00,2.479871511459350586e+00,2.455078363418579102e+00,2.191172361373901367e+00,1.904325962066650391e+00,1.827364563941955566e+00,1.665344715118408203e+00,1.743237257003784180e+00,1.855338931083679199e+00,1.919118285179138184e+00,1.573392271995544434e+00,1.740066766738891602e+00,1.886578321456909180e+00,2.097105026245117188e+00,2.344606399536132812e+00,2.827934741973876953e+00,3.049023151397705078e+00,3.257753133773803711e+00,3.164052724838256836e+00,2.814445018768310547e+00,2.749063253402709961e+00,2.908578634262084961e+00,3.298974275588989258e+00,4.134367465972900391e+00,4.134860515594482422e+00,4.095279693603515625e+00,3.819124221801757812e+00,3.945613145828247070e+00,3.705269098281860352e+00,3.617931604385375977e+00,3.229146480560302734e+00,3.751861810684204102e+00,3.512525320053100586e+00,3.755093097686767578e+00,5.206829547882080078e+00,5.484305858612060547e+00,6.579826831817626953e+00,6.741455078125000000e+00,6.105417251586914062e+00,5.623547554016113281e+00,6.022717475891113281e+00,7.007008075714111328e+00,6.720026493072509766e+00,7.504865169525146484e+00,6.977963447570800781e+00,7.383882045745849609e+00,7.584980010986328125e+00,7.903980731964111328e+00,8.793020248413085938e+00,8.754366874694824219e+00,8.860612869262695312e+00,8.649860382080078125e+00,7.545404434204101562e+00,7.259310245513916016e+00,6.768538951873779297e+00,6.227212905883789062e+00
2.970345735549926758e+00,2.695797443389892578e+00,2.522787094116210938e+00,2.719492435455322266e+00,2.683176994323730469e+00,2.578418254852294922e+00,2.357744455337524414e+00,2.128365039825439453e+00,2.072034597396850586e+00,1.890037775039672852e+00,1.953403592109680176e+00,2.133865356445312500e+00,2.000268936157226562e+00,2.040147304534912109e+00,2.225408792495727539e+00,1.644327044486999512e+00,2.113400936126708984e+00,2.231605768203735352e+00,2.978450775146484375e+00,3.072803258895874023e+00,3.356381893157958984e+00,3.293550252914428711e+00,2.998549222946166992e+00,2.638842821121215820e+00,2.850184202194213867e+00,3.240979433059692383e+00,4.240644931793212891e+00,4.354969978332519531e+00,4.540112495422363281e+00,3.920587301254272461e+00,4.124244213104248047e+00,3.991583824157714844e+00,3.829930782318115234e+00,3.507856130599975586e+00,3.634699344635009766e+00,3.651732921600341797e+00,4.313860893249511719e+00,5.218228816986083984e+00,5.096564769744873047e+00,5.647771835327148438e+00,5.711978435516357422e+00,6.138772964477539062e+00,6.431937217712402344e+00,6.982725143432617188e+00,7.941348552703857422e+00,7.813513755798339844e+00,8.647509574890136719e+00,7.867850303649902344e+00,7.807338237762451172e+00,8.159889221191406250e+00,8.939724922180175781e+00,9.689746856689453125e+00,9.634270668029785156e+00,9.739282608032226562e+00,9.428152084350585938e+00,7.984848976135253906e+00,7.735731601715087891e+00,7.199660778045654297e+00,6.684362888336181641e+00
3.354801654815673828e+00,2.856346368789672852e+00,2.717726230621337891e+00,3.062319278717041016e+00,2.976418972015380859e+00,2.964240074157714844e+00,2.667088985443115234e+00,2.456245899200439453e+00,2.375506162643432617e+00,2.158623218536376953e+00,2.216895341873168945e+00,2.438980340957641602e+00,2.321142673492431641e+00,2.475563526153564453e+00,2.612455844879150391e+00,2.238702774047851562e+00,2.010721683502197266e+00,2.358063459396362305e+00,2.923677206039428711e+00,3.115057468414306641e+00,3.259547472000122070e+00,3.104201078414916992e+00,2.661185026168823242e+00,2.914930820465087891e+00,3.271394014358520508e+00,3.217895746231079102e+00,4.327959060668945312e+00,4.688578128814697266e+00,4.727809429168701172e+00,4.225074291229248047e+00,4.026302814483642578e+00,4.033504486083984375e+00,4.898396015167236328e+00,4.176941871643066406e+00,3.825145244598388672e+00,3.952654838562011719e+00,4.698666095733642578e+00,5.941977500915527344e+00,5.961533069610595703e+00,5.947181224822998047e+00,6.396249771118164062e+00,6.548490524291992188e+00,6.396306514739990234e+00,6.794747352600097656e+00,7.145339488983154297e+00,8.516868591308593750e+00,8.943786621093750000e+00,8.812013626098632812e+00,7.806183815002441406e+00,8.896537780761718750e+00,9.444338798522949219e+00,1.014335441589355469e+01,1.177910137176513672e+01,1.126771354675292969e+01,1.035536098480224609e+01,8.872702598571777344e+00,8.468469619750976562e+00,7.206112861633300781e+00,6.682424068450927734e+00
3.045163869857788086e+00,2.791186332702636719e+00,2.817032337188720703e+00,3.345853090286254883e+00,3.146689414978027344e+00,3.109071254730224609e+00,3.066762924194335938e+00,2.990839004516601562e+00,2.964766502380371094e+00,2.690226793289184570e+00,2.635743141174316406e+00,2.635727405548095703e+00,2.757684946060180664e+00,3.000089883804321289e+00,3.053287506103515625e+00,2.963439226150512695e+00,2.330809116363525391e+00,2.073369979858398438e+00,2.441617488861083984e+00,3.134207010269165039e+00,3.377208471298217773e+00,2.859331130981445312e+00,2.776124477386474609e+00,3.190197229385375977e+00,3.876921415328979492e+00,3.287230730056762695e+00,4.377957344055175781e+00,4.850549697875976562e+00,4.904183864593505859e+00,4.835997104644775391e+00,4.164303302764892578e+00,3.934561252593994141e+00,4.596421718597412109e+00,3.859206199645996094e+00,3.748517513275146484e+00,4.186697006225585938e+00,4.737053871154785156e+00,6.327601909637451172e+00,6.815938472747802734e+00,6.737873077392578125e+00,7.485785484313964844e+00,7.922632217407226562e+00,9.038448333740234375e+00,9.052005767822265625e+00,7.816537380218505859e+00,8.807796478271484375e+00,9.456503868103027344e+00,8.937053680419921875e+00,7.937409400939941406e+00,9.360325813293457031e+00,9.777297973632812500e+00,1.137988662719726562e+01,1.248244571685791016e+01,1.253658962249755859e+01,1.108968162536621094e+01,9.693414688110351562e+00,9.244415283203125000e+00,8.150539398193359375e+00,7.592357158660888672e+00
3.151826858520507812e+00,2.922791957855224609e+00,2.879881858825683594e+00,3.442714452743530273e+00,3.245515346527099609e+00,3.117571592330932617e+00,3.437695264816284180e+00,3.526777982711791992e+00,3.456063747406005859e+00,3.203199386596679688e+00,3.093740940093994141e+00,2.961960792541503906e+00,3.341298341751098633e+00,3.458854436874389648e+00,3.502637147903442383e+00,3.356424093246459961e+00,2.993606328964233398e+00,2.759238004684448242e+00,2.278817653656005859e+00,2.549491167068481445e+00,2.839245080947875977e+00,2.809669733047485352e+00,2.951241493225097656e+00,3.170027494430541992e+00,3.691307306289672852e+00,3.381750106811523438e+00,4.976341247558593750e+00,4.808487415313720703e+00,4.987344741821289062e+00,4.894671440124511719e+00,5.060432910919189453e+00,4.219750404357910156e+00,4.509465694427490234e+00,3.932148456573486328e+00,4.104978561401367188e+00,4.415375232696533203e+00,4.575353145599365234e+00,5.599610328674316406e+00,6.630359649658203125e+00,8.313385009765625000e+00,9.287710189819335938e+00,9.835261344909667969e+00,1.017969226837158203e+01,1.048310947418212891e+01,1.045246124267578125e+01,1.049412345886230469e+01,1.070580863952636719e+01,9.009215354919433594e+00,8.577499389648437500e+00,1.011565494537353516e+01,1.120254707336425781e+01,1.127340507507324219e+01,1.278589820861816406e+01,1.246821784973144531e+01,1.113655185699462891e+01,9.985869407653808594e+00,9.692085266113281250e+00,8.534278869628906250e+00,8.137737274169921875e+00
3.401543378829956055e+00,3.159348964691162109e+00,3.120835542678833008e+00,3.205984830856323242e+00,3.683404684066772461e+00,3.578620433807373047e+00,3.553844213485717773e+00,4.225209712982177734e+00,4.092076778411865234e+00,3.537662029266357422e+00,3.553848743438720703e+00,3.399249792098999023e+00,3.741842031478881836e+00,3.654481172561645508e+00,3.514013767242431641e+00,3.541172504425048828e+00,3.268139362335205078e+00,2.620927333831787109e+00,2.567733526229858398e+00,2.804268836975097656e+00,2.638761520385742188e+00,2.657820463180541992e+00,2.672232866287231445e+00,2.902024269104003906e+00,3.053412199020385742e+00,3.456313848495483398e+00,3.749102830886840820e+00,3.715216636657714844e+00,3.725326299667358398e+00,4.301792144775390625e+00,4.337110519409179688e+00,4.188516139984130859e+00,4.024041175842285156e+00,4.136370182037353516e+00,4.730470657348632812e+00,4.201010704040527344e+00,4.849447727203369141e+00,6.102890968322753906e+00,6.414710044860839844e+00,7.999161243438720703e+00,1.007645225524902344e+01,1.061082172393798828e+01,1.134483432769775391e+01,1.173793983459472656e+01,1.143865394592285156e+01,1.064790534973144531e+01,1.106602191925048828e+01,8.538382530212402344e+00,8.604464530944824219e+00,1.116412639617919922e+01,1.235320758819580078e+01,1.056005287170410156e+01,1.133894538879394531e+01,1.031805515289306641e+01,9.836497306823730469e+00,9.202933311462402344e+00,8.820279121398925781e+00,7.923185825347900391e+00,2.104907608032226562e+01
3.735969543457031250e+00,3.457366228103637695e+00,3.303595542907714844e+00,3.564163446426391602e+00,3.827010631561279297e+00,3.930718660354614258e+00,3.831269025802612305e+00,4.066096782684326172e+00,4.469068527221679688e+00,4.512103080749511719e+00,3.988637208938598633e+00,3.925121068954467773e+00,3.808619499206542969e+00,3.670587062835693359e+00,3.357432603836059570e+00,3.316460132598876953e+00,3.003364086151123047e+00,2.627539157867431641e+00,3.127569437026977539e+00,3.778737306594848633e+00,3.595676183700561523e+00,3.188086986541748047e+00,3.233217954635620117e+00,3.167691469192504883e+00,3.316323041915893555e+00,3.329886913299560547e+00,3.858978033065795898e+00,3.625818014144897461e+00,3.768002748489379883e+00,3.666156291961669922e+00,3.761530876159667969e+00,3.516627311706542969e+00,3.912156343460083008e+00,4.640236854553222656e+00,5.293325424194335938e+00,4.630813598632812500e+00,5.820236682891845703e+00,1.413673114776611328e+01,1.636810684204101562e+01,1.757855606079101562e+01,1.734225845336914062e+01,9.533007621765136719e+00,1.157383823394775391e+01,1.259459590911865234e+01,2.641579818725585938e+01,2.609525680541992188e+01,2.429275321960449219e+01,9.549695014953613281e+00,8.775293350219726562e+00,1.100810146331787109e+01,1.169714546203613281e+01,1.081082344055175781e+01,1.038663005828857422e+01,9.744289398193359375e+00,8.882262229919433594e+00,8.325554847717285156e+00,8.470610618591308594e+00,2.259585189819335938e+01,2.104205513000488281e+01
4.189442634582519531e+00,3.999278545379638672e+00,3.787248373031616211e+00,3.887261867523193359e+00,4.081051349639892578e+00,4.096680164337158203e+00,4.183848381042480469e+00,4.389646530151367188e+00,4.061304092407226562e+00,3.955954790115356445e+00,4.237185478210449219e+00,4.240413665771484375e+00,4.242921352386474609e+00,3.921446323394775391e+00,3.571907997131347656e+00,3.359288454055786133e+00,2.862541437149047852e+00,2.887991666793823242e+00,3.515178442001342773e+00,3.969264984130859375e+00,3.954209804534912109e+00,4.142583847045898438e+00,3.758239269256591797e+00,3.523186683654785156e+00,3.659313678741455078e+00,3.653044700622558594e+00,4.129511833190917969e+00,4.150281429290771484e+00,4.059520244598388672e+00,3.650285959243774414e+00,3.504246711730957031e+00,3.337415695190429688e+00,4.293715000152587891e+00,4.706549644470214844e+00,4.587327480316162109e+00,5.479778289794921875e+00,5.518896579742431641e+00,6.789103507995605469e+00,1.531758022308349609e+01,1.903610420227050781e+01,1.938668632507324219e+01,1.879265022277832031e+01,2.113109588623046875e+01,2.769788932800292969e+01,1.342845153808593750e+01,1.287713050842285156e+01,1.201540279388427734e+01,1.006874084472656250e+01,8.850045204162597656e+00,1.019187068939208984e+01,1.088990783691406250e+01,1.033720207214355469e+01,1.005718231201171875e+01,9.663687705993652344e+00,1.047568988800048828e+01,1.005007648468017578e+01,9.372299194335937500e+00,8.177106857299804688e+00,8.006886482238769531e+00
5.009941577911376953e+00,5.056045532226562500e+00,4.496534347534179688e+00,4.271239757537841797e+00,4.338451385498046875e+00,4.312178134918212891e+00,4.487355232238769531e+00,4.248398303985595703e+00,3.905046701431274414e+00,3.716383934020996094e+00,3.738866806030273438e+00,4.078164577484130859e+00,4.084899425506591797e+00,3.599482297897338867e+00,3.383161306381225586e+00,3.298979759216308594e+00,3.490091323852539062e+00,3.657814502716064453e+00,4.126275539398193359e+00,4.447718620300292969e+00,4.533952236175537109e+00,4.556299209594726562e+00,4.128518104553222656e+00,4.729573249816894531e+00,4.202018737792968750e+00,4.093592643737792969e+00,5.413949012756347656e+00,5.942265510559082031e+00,5.543745517730712891e+00,4.622003078460693359e+00,4.059479236602783203e+00,3.731048822402954102e+00,4.259537696838378906e+00,4.587054729461669922e+00,5.304706096649169922e+00,5.406980037689208984e+00,6.908159732818603516e+00,8.814650535583496094e+00,1.860819625854492188e+01,2.096110153198242188e+01,2.222633934020996094e+01,2.233874130249023438e+01,2.212592315673828125e+01,2.761746025085449219e+01,1.410362052917480469e+01,1.339771556854248047e+01,1.344325351715087891e+01,1.096406364440917969e+01,1.011085605621337891e+01,1.070217800140380859e+01,1.148136711120605469e+01,1.108729648590087891e+01,1.020171546936035156e+01,1.032059478759765625e+01,1.089916515350341797e+01,1.090917682647705078e+01,9.743980407714843750e+00,7.883791923522949219e+00,8.102376937866210938e+00
5.850368499755859375e+00,5.830531120300292969e+00,5.339905738830566406e+00,4.818825721740722656e+00,4.852661609649658203e+00,4.674368381500244141e+00,4.885557651519775391e+00,4.612233638763427734e+00,3.918068170547485352e+00,3.753546237945556641e+00,3.797561168670654297e+00,4.301852226257324219e+00,4.962893486022949219e+00,4.142144680023193359e+00,4.018084049224853516e+00,4.268612384796142578e+00,4.624020099639892578e+00,4.342248439788818359e+00,4.928297042846679688e+00,5.078707695007324219e+00,4.942722320556640625e+00,4.851906776428222656e+00,5.193361282348632812e+00,6.020682811737060547e+00,5.736449718475341797e+00,6.007682323455810547e+00,7.307221412658691406e+00,7.697658061981201172e+00,6.438399314880371094e+00,5.588680744171142578e+00,5.039235591888427734e+00,4.432511806488037109e+00,4.473793506622314453e+00,4.836178302764892578e+00,5.758280277252197266e+00,7.664034843444824219e+00,8.675088882446289062e+00,9.326599121093750000e+00,1.006333255767822266e+01,1.168373870849609375e+01,1.177927589416503906e+01,2.328012657165527344e+01,2.155676078796386719e+01,2.381591987609863281e+01,1.340702533721923828e+01,1.367687511444091797e+01,1.267952632904052734e+01,1.106664085388183594e+01,1.219900798797607422e+01,1.182520675659179688e+01,1.180456161499023438e+01,2.956721496582031250e+01,2.984591484069824219e+01,3.032122039794921875e+01,2.794038772583007812e+01,2.315557289123535156e+01,2.133040618896484375e+01,2.076832199096679688e+01,1.993615913391113281e+01
6.114399909973144531e+00,5.848004341125488281e+00,5.636627197265625000e+00,5.064145565032958984e+00,4.978210449218750000e+00,4.463562488555908203e+00,4.660188198089599609e+00,5.098422527313232422e+00,4.755587577819824219e+00,3.554741144180297852e+00,3.726783037185668945e+00,4.312661647796630859e+00,5.354550838470458984e+00,4.604806423187255859e+00,4.056130409240722656e+00,4.533285140991210938e+00,4.574659824371337891e+00,4.588201999664306641e+00,5.248633861541748047e+00,5.376028537750244141e+00,5.560650825500488281e+00,5.462027549743652344e+00,5.542995929718017578e+00,6.043792724609375000e+00,6.054012775421142578e+00,6.314876079559326172e+00,7.102787971496582031e+00,7.311318397521972656e+00,6.877564430236816406e+00,5.818140029907226562e+00,4.854334354400634766e+00,4.771358013153076172e+00,4.922968864440917969e+00,5.673445224761962891e+00,6.800343513488769531e+00,8.686385154724121094e+00,9.727152824401855469e+00,1.152621078491210938e+01,1.100444507598876953e+01,1.137053871154785156e+01,1.180791950225830078e+01,2.467018890380859375e+01,2.196854400634765625e+01,1.236741256713867188e+01,1.200327014923095703e+01,1.219090747833251953e+01,1.168526363372802734e+01,1.042492866516113281e+01,1.064618110656738281e+01,1.077773284912109375e+01,1.104887104034423828e+01,2.955130004882812500e+01,2.585741996765136719e+01,2.395464515686035156e+01,2.269877815246582031e+01,2.105965232849121094e+01,1.814309310913085938e+01,1.713930892944335938e+01,1.871693801879882812e+01
5.700319290161132812e+00,5.558377742767333984e+00,5.545401096343994141e+00,5.037544727325439453e+00,4.798290252685546875e+00,4.236505031585693359e+00,4.529407978057861328e+00,4.730190277099609375e+00,4.608129024505615234e+00,3.642391920089721680e+00,3.532888412475585938e+00,3.538093805313110352e+00,4.652204990386962891e+00,4.879147052764892578e+00,5.015012264251708984e+00,5.120636463165283203e+00,5.176630496978759766e+00,5.080907344818115234e+00,5.653851032257080078e+00,5.896930694580078125e+00,6.140720844268798828e+00,6.210050582885742188e+00,5.878276824951171875e+00,6.310829162597656250e+00,6.108221530914306641e+00,6.230894565582275391e+00,6.278273582458496094e+00,6.485727787017822266e+00,6.590117931365966797e+00,6.660497188568115234e+00,5.921646118164062500e+00,5.054101467132568359e+00,4.833155632019042969e+00,6.118544578552246094e+00,6.623589038848876953e+00,8.516017913818359375e+00,9.766350746154785156e+00,1.114374732971191406e+01,1.140993022918701172e+01,1.106770038604736328e+01,1.148288059234619141e+01,2.218873977661132812e+01,1.976010894775390625e+01,1.086071777343750000e+01,1.097198295593261719e+01,1.056982707977294922e+01,1.075666141510009766e+01,1.013048171997070312e+01,9.522809982299804688e+00,9.471953392028808594e+00,9.880774497985839844e+00,2.643418693542480469e+01,2.337603759765625000e+01,2.193452453613281250e+01,2.260469627380371094e+01,1.981663894653320312e+01,1.676745605468750000e+01,1.591732788085937500e+01,1.743627929687500000e+01
4.846299648284912109e+00,4.840028285980224609e+00,5.178352355957031250e+00,4.938180446624755859e+00,4.518019199371337891e+00,4.225914955139160156e+00,4.239688396453857422e+00,4.539899826049804688e+00,4.270650386810302734e+00,3.722331523895263672e+00,3.092764854431152344e+00,3.545201063156127930e+00,4.397480487823486328e+00,5.128270626068115234e+00,5.472277641296386719e+00,5.600609302520751953e+00,5.987799167633056641e+00,6.066064357757568359e+00,6.852491855621337891e+00,7.188488960266113281e+00,6.916656017303466797e+00,6.903267383575439453e+00,6.630868434906005859e+00,6.340950489044189453e+00,6.142409324645996094e+00,5.584604740142822266e+00,5.197561264038085938e+00,5.087136745452880859e+00,5.378927230834960938e+00,5.788724422454833984e+00,5.779039859771728516e+00,5.231332778930664062e+00,4.937857151031494141e+00,5.845462799072265625e+00,6.733832359313964844e+00,9.656766891479492188e+00,9.861923217773437500e+00,1.100157165527343750e+01,1.039917564392089844e+01,1.037131118774414062e+01,9.855850219726562500e+00,9.630261421203613281e+00,9.521988868713378906e+00,9.530953407287597656e+00,9.736490249633789062e+00,9.522535324096679688e+00,9.472922325134277344e+00,8.625508308410644531e+00,8.321152687072753906e+00,8.586616516113281250e+00,2.235092735290527344e+01,2.199433517456054688e+01,2.026241111755371094e+01,2.012072563171386719e+01,2.060260009765625000e+01,2.020073699951171875e+01,1.761036109924316406e+01,6.497219085693359375e+00,6.004128932952880859e+00
4.092595577239990234e+00,4.245572566986083984e+00,4.589747428894042969e+00,4.482137203216552734e+00,4.146330833435058594e+00,3.933766365051269531e+00,3.651313304901123047e+00,3.797053813934326172e+00,3.656614303588867188e+00,3.450805664062500000e+00,3.226371049880981445e+00,3.614314794540405273e+00,4.244373798370361328e+00,4.835790157318115234e+00,5.298218727111816406e+00,6.053659915924072266e+00,7.023684978485107422e+00,7.601521015167236328e+00,8.214809417724609375e+00,8.858086585998535156e+00,8.461268424987792969e+00,8.051439285278320312e+00,6.897787094116210938e+00,6.633484840393066406e+00,6.018001556396484375e+00,5.601969242095947266e+00,5.005545139312744141e+00,4.739494323730468750e+00,4.978761196136474609e+00,5.422640800476074219e+00,6.382106781005859375e+00,5.554068565368652344e+00,5.527341842651367188e+00,6.566566944122314453e+00,6.816380500793457031e+00,8.954493522644042969e+00,1.063788032531738281e+01,1.091190719604492188e+01,1.097756958007812500e+01,1.004350090026855469e+01,9.006847381591796875e+00,8.482976913452148438e+00,8.266310691833496094e+00,8.688897132873535156e+00,8.360147476196289062e+00,8.131342887878417969e+00,8.071977615356445312e+00,6.790997505187988281e+00,6.911414623260498047e+00,7.128825187683105469e+00,1.677852058410644531e+01,1.677742958068847656e+01,1.756506919860839844e+01,1.913745307922363281e+01,1.913479423522949219e+01,1.737001800537109375e+01,1.663128662109375000e+01,6.043097972869873047e+00,6.317867279052734375e+00
3.770177841186523438e+00,3.925361871719360352e+00,4.034510135650634766e+00,4.078605651855468750e+00,3.821277856826782227e+00,3.646601676940917969e+00,3.440335273742675781e+00,3.722324848175048828e+00,3.746265888214111328e+00,3.449855327606201172e+00,3.218851566314697266e+00,3.753569841384887695e+00,4.527956008911132812e+00,4.924158096313476562e+00,5.406789779663085938e+00,5.788439750671386719e+00,6.639701843261718750e+00,8.180612564086914062e+00,9.549445152282714844e+00,1.021940612792968750e+01,1.013635921478271484e+01,8.956459999084472656e+00,7.755778312683105469e+00,7.119365692138671875e+00,6.856460094451904297e+00,6.443977355957031250e+00,6.166799545288085938e+00,5.580591678619384766e+00,5.387785434722900391e+00,5.623966217041015625e+00,5.983530044555664062e+00,5.685151100158691406e+00,5.013793945312500000e+00,5.707108497619628906e+00,6.921659946441650391e+00,8.096605300903320312e+00,9.034409523010253906e+00,8.897759437561035156e+00,9.425826072692871094e+00,9.040535926818847656e+00,7.905084133148193359e+00,7.150234699249267578e+00,7.070020198822021484e+00,1.650575065612792969e+01,1.710316276550292969e+01,6.530849456787109375e+00,6.723276138305664062e+00,6.695564746856689453e+00,6.894104957580566406e+00,7.204754352569580078e+00,1.660609436035156250e+01,1.569241809844970703e+01,1.719787025451660156e+01,1.869011878967285156e+01,2.058321762084960938e+01,3.110181045532226562e+01,2.973240089416503906e+01,1.758321380615234375e+01,7.136875152587890625e+00
3.514902830123901367e+00,3.624472379684448242e+00,3.752547979354858398e+00,3.514369010925292969e+00,3.433150529861450195e+00,3.289156675338745117e+00,3.239087104797363281e+00,3.358007907867431641e+00,3.405476331710815430e+00,3.371878862380981445e+00,3.350221633911132812e+00,3.912525892257690430e+00,4.892092227935791016e+00,4.910462856292724609e+00,5.375770568847656250e+00,5.554888725280761719e+00,6.693522930145263672e+00,8.624250411987304688e+00,1.022906589508056641e+01,1.000243377685546875e+01,9.633162498474121094e+00,9.700016021728515625e+00,8.407064437866210938e+00,7.535880088806152344e+00,7.045573711395263672e+00,6.662312507629394531e+00,6.449314594268798828e+00,5.903197765350341797e+00,5.695427417755126953e+00,5.394387722015380859e+00,5.519395828247070312e+00,5.951304435729980469e+00,5.369599819183349609e+00,6.968695163726806641e+00,7.513283252716064453e+00,7.735946655273437500e+00,7.922445297241210938e+00,8.399460792541503906e+00,9.583583831787109375e+00,8.693470954895019531e+00,6.990877628326416016e+00,6.550333499908447266e+00,7.152737617492675781e+00,1.753052520751953125e+01,1.527104759216308594e+01,6.332562446594238281e+00,5.830343723297119141e+00,5.857730865478515625e+00,6.429845809936523438e+00,6.648523330688476562e+00,1.607514381408691406e+01,1.557996654510498047e+01,1.629700088500976562e+01,1.765391349792480469e+01,1.994098472595214844e+01,3.316191101074218750e+01,3.348990249633789062e+01,1.868631172180175781e+01,7.030408382415771484e+00
3.416212797164916992e+00,3.282641172409057617e+00,3.381455421447753906e+00,3.285016298294067383e+00,3.157127857208251953e+00,2.998214483261108398e+00,2.880673646926879883e+00,3.276098728179931641e+00,3.309810400009155273e+00,3.448517799377441406e+00,3.843897819519042969e+00,4.847507476806640625e+00,5.105746269226074219e+00,5.188057899475097656e+00,5.594689846038818359e+00,6.001839637756347656e+00,6.842307090759277344e+00,8.478899955749511719e+00,9.790222167968750000e+00,1.003574848175048828e+01,8.321187019348144531e+00,8.449593544006347656e+00,7.760147571563720703e+00,7.431390762329101562e+00,7.102146625518798828e+00,7.009657382965087891e+00,6.955378532409667969e+00,6.094964027404785156e+00,5.817715644836425781e+00,5.434972763061523438e+00,6.045297145843505859e+00,5.477818489074707031e+00,5.764870643615722656e+00,6.104543685913085938e+00,6.605543613433837891e+00,6.948237419128417969e+00,8.165075302124023438e+00,8.401539802551269531e+00,9.316894531250000000e+00,7.223153114318847656e+00,6.777055263519287109e+00,7.178007602691650391e+00,7.249241352081298828e+00,1.600775718688964844e+01,5.613940715789794922e+00,5.389601707458496094e+00,5.041455745697021484e+00,5.037093639373779297e+00,5.539418697357177734e+00,6.483255386352539062e+00,6.716146945953369141e+00,7.357701301574707031e+00,6.888775825500488281e+00,7.877643585205078125e+00,1.975648880004882812e+01,2.302162933349609375e+01,2.371620559692382812e+01,1.895208930969238281e+01,1.650111961364746094e+01
3.128612041473388672e+00,3.212995290756225586e+00,3.371375560760498047e+00,3.248701810836791992e+00,3.077922821044921875e+00,2.748996496200561523e+00,2.625719785690307617e+00,3.236059904098510742e+00,3.572606325149536133e+00,3.689254760742187500e+00,4.098423004150390625e+00,4.691572189331054688e+00,5.040333747863769531e+00,5.243629455566406250e+00,5.933686733245849609e+00,6.471002578735351562e+00,7.003093242645263672e+00,8.257248878479003906e+00,9.056124687194824219e+00,1.064776897430419922e+01,8.668813705444335938e+00,8.127830505371093750e+00,7.346733093261718750e+00,7.226284027099609375e+00,6.647923469543457031e+00,6.832782745361328125e+00,6.460235595703125000e+00,5.862144470214843750e+00,5.552953720092773438e+00,5.395102500915527344e+00,5.346675872802734375e+00,5.223377704620361328e+00,6.474320411682128906e+00,6.864147663116455078e+00,7.591437816619873047e+00,8.633094787597656250e+00,9.266926765441894531e+00,8.243353843688964844e+00,8.148212432861328125e+00,6.887320518493652344e+00,7.233210563659667969e+00,1.680466842651367188e+01,1.461628150939941406e+01,6.372457027435302734e+00,5.249988555908203125e+00,4.098904132843017578e+00,3.953521251678466797e+00,4.504807472229003906e+00,4.850203514099121094e+00,5.886916160583496094e+00,6.665115356445312500e+00,6.623125076293945312e+00,6.422351837158203125e+00,7.236211776733398438e+00,8.987233161926269531e+00,9.450954437255859375e+00,9.825139999389648438e+00,2.101193618774414062e+01,1.865087318420410156e+01
3.112146615982055664e+00,3.270431995391845703e+00,3.402470588684082031e+00,3.268360853195190430e+00,3.013160705566406250e+00,2.774463653564453125e+00,2.971414566040039062e+00,3.650124073028564453e+00,3.722099065780639648e+00,3.935532331466674805e+00,4.479985713958740234e+00,4.867825508117675781e+00,5.338617801666259766e+00,6.069918632507324219e+00,6.439424037933349609e+00,6.784725666046142578e+00,7.618693828582763672e+00,8.012156486511230469e+00,8.614673614501953125e+00,9.657731056213378906e+00,8.735106468200683594e+00,8.211812019348144531e+00,7.301545143127441406e+00,7.356050968170166016e+00,6.788643836975097656e+00,6.854402065277099609e+00,6.012660503387451172e+00,5.715549468994140625e+00,5.791823387145996094e+00,5.993216991424560547e+00,6.420769214630126953e+00,5.308142662048339844e+00,6.113741874694824219e+00,6.110674381256103516e+00,6.879561901092529297e+00,9.460522651672363281e+00,1.053235816955566406e+01,8.877424240112304688e+00,7.680639266967773438e+00,7.850344657897949219e+00,7.331040382385253906e+00,1.512609767913818359e+01,1.392907238006591797e+01,5.931084156036376953e+00,4.739948272705078125e+00,3.762957334518432617e+00,4.496967792510986328e+00,4.899296283721923828e+00,5.523509502410888672e+00,6.039558887481689453e+00,6.489009857177734375e+00,6.276728153228759766e+00,6.551046371459960938e+00,7.682362079620361328e+00,8.234774589538574219e+00,8.553006172180175781e+00,9.509875297546386719e+00,2.245925712585449219e+01,2.064381599426269531e+01
3.216245174407958984e+00,3.668013334274291992e+00,3.514495372772216797e+00,3.100653171539306641e+00,2.937121391296386719e+00,2.961943864822387695e+00,3.662927150726318359e+00,3.871778726577758789e+00,3.853287935256958008e+00,4.396531581878662109e+00,4.754387378692626953e+00,5.196994304656982422e+00,5.790830612182617188e+00,6.174514293670654297e+00,6.507890224456787109e+00,6.627171993255615234e+00,6.776528358459472656e+00,8.246252059936523438e+00,8.517632484436035156e+00,8.849497795104980469e+00,7.799866199493408203e+00,7.687493324279785156e+00,7.233529090881347656e+00,7.207880496978759766e+00,6.883662700653076172e+00,6.966614723205566406e+00,6.815803527832031250e+00,6.481509208679199219e+00,6.710098266601562500e+00,7.651878356933593750e+00,6.561668872833251953e+00,5.562772750854492188e+00,6.128798007965087891e+00,6.759181976318359375e+00,7.141574382781982422e+00,9.053330421447753906e+00,7.615809440612792969e+00,6.104101181030273438e+00,7.034444332122802734e+00,6.415936470031738281e+00,5.633790969848632812e+00,5.103785991668701172e+00,5.472077846527099609e+00,5.138203620910644531e+00,4.001222610473632812e+00,3.894374847412109375e+00,5.013487815856933594e+00,5.273864746093750000e+00,5.825661659240722656e+00,6.328071594238281250e+00,6.791258811950683594e+00,6.156166076660156250e+00,6.700429439544677734e+00,7.420820236206054688e+00,7.981971263885498047e+00,8.977090835571289062e+00,9.941245079040527344e+00,2.442749023437500000e+01,1.976285743713378906e+01
3.034493446350097656e+00,3.455252885818481445e+00,3.731322288513183594e+00,2.883115768432617188e+00,2.799215555191040039e+00,3.414951086044311523e+00,4.199614524841308594e+00,4.265827655792236328e+00,4.559403896331787109e+00,5.231986999511718750e+00,5.105346679687500000e+00,5.459794998168945312e+00,6.242653369903564453e+00,6.276799678802490234e+00,6.586451530456542969e+00,6.612914562225341797e+00,6.942112922668457031e+00,8.099517822265625000e+00,8.312937736511230469e+00,7.899388313293457031e+00,7.173458099365234375e+00,7.057043552398681641e+00,7.250343799591064453e+00,7.426074504852294922e+00,7.122522354125976562e+00,7.108246326446533203e+00,7.435502052307128906e+00,6.727658748626708984e+00,7.165956020355224609e+00,1.665054512023925781e+01,1.660546493530273438e+01,5.359617710113525391e+00,6.350158691406250000e+00,6.554836750030517578e+00,5.576606750488281250e+00,7.561187744140625000e+00,6.079317092895507812e+00,6.158607006072998047e+00,6.572038650512695312e+00,5.498879432678222656e+00,5.189696788787841797e+00,4.811238765716552734e+00,5.157227993011474609e+00,4.796962261199951172e+00,4.302844524383544922e+00,4.335337162017822266e+00,5.178668975830078125e+00,5.366538524627685547e+00,5.720092773437500000e+00,6.065863609313964844e+00,5.720833301544189453e+00,1.464509296417236328e+01,1.628357315063476562e+01,1.798862648010253906e+01,2.001581954956054688e+01,2.103359794616699219e+01,2.271258163452148438e+01,2.535192871093750000e+01,2.273171997070312500e+01
2.388434410095214844e+00,3.049368143081665039e+00,3.495713710784912109e+00,2.851201295852661133e+00,2.803780794143676758e+00,3.802572965621948242e+00,4.679422378540039062e+00,4.398880958557128906e+00,5.065729141235351562e+00,5.686013221740722656e+00,5.889549732208251953e+00,6.115824222564697266e+00,6.333005905151367188e+00,6.528456211090087891e+00,6.397851943969726562e+00,6.104275703430175781e+00,6.576690196990966797e+00,7.458097457885742188e+00,7.489112854003906250e+00,7.263930797576904297e+00,7.221989631652832031e+00,7.194942474365234375e+00,7.560915470123291016e+00,7.129043579101562500e+00,6.396587848663330078e+00,6.378072738647460938e+00,7.089526176452636719e+00,7.210557460784912109e+00,7.224411487579345703e+00,6.182636260986328125e+00,6.095601081848144531e+00,4.388155937194824219e+00,4.729098320007324219e+00,4.545138835906982422e+00,4.805003643035888672e+00,5.554124832153320312e+00,6.005238533020019531e+00,5.820652484893798828e+00,5.456009864807128906e+00,4.882054328918457031e+00,4.841149330139160156e+00,4.669309139251708984e+00,4.490873336791992188e+00,4.501792907714843750e+00,5.206145286560058594e+00,5.499442100524902344e+00,5.968558311462402344e+00,6.237334251403808594e+00,1.540198802947998047e+01,1.389276027679443359e+01,1.336217975616455078e+01,1.613789558410644531e+01,1.765530395507812500e+01,1.907692909240722656e+01,3.108650588989257812e+01,2.279945755004882812e+01,2.423904609680175781e+01,2.631054115295410156e+01,2.399035072326660156e+01
2.257840156555175781e+00,2.543599367141723633e+00,2.975346326828002930e+00,2.424211263656616211e+00,2.778373479843139648e+00,3.368329048156738281e+00,3.756563425064086914e+00,4.868130207061767578e+00,5.678979873657226562e+00,6.094734668731689453e+00,6.215952873229980469e+00,6.172025203704833984e+00,6.373900890350341797e+00,6.455313205718994141e+00,6.427623271942138672e+00,6.301371574401855469e+00,6.218003749847412109e+00,6.746817111968994141e+00,6.685061931610107422e+00,7.125638484954833984e+00,7.298616886138916016e+00,7.107306957244873047e+00,7.079069614410400391e+00,7.056512355804443359e+00,6.304951667785644531e+00,6.311744689941406250e+00,6.946942806243896484e+00,6.018389701843261719e+00,7.196889877319335938e+00,5.724703788757324219e+00,5.426591396331787109e+00,4.980056285858154297e+00,5.984736919403076172e+00,6.208604335784912109e+00,6.649605751037597656e+00,6.642202377319335938e+00,7.089547157287597656e+00,6.348922252655029297e+00,5.596880435943603516e+00,5.175135135650634766e+00,5.250806331634521484e+00,4.665599346160888672e+00,5.025450229644775391e+00,5.146852493286132812e+00,5.254620075225830078e+00,5.580534458160400391e+00,6.237685680389404297e+00,6.167021274566650391e+00,1.415689849853515625e+01,1.320078754425048828e+01,1.480768680572509766e+01,1.845759391784667969e+01,1.930493736267089844e+01,2.023116111755371094e+01,3.025102233886718750e+01,2.275443840026855469e+01,2.380034065246582031e+01,2.696337890625000000e+01,2.449173927307128906e+01
3.014278411865234375e+00,3.155527591705322266e+00,2.630831956863403320e+00,2.358436584472656250e+00,2.866988897323608398e+00,3.591580867767333984e+00,4.194663524627685547e+00,5.836953163146972656e+00,6.129694461822509766e+00,6.596308231353759766e+00,6.587792873382568359e+00,6.574541091918945312e+00,6.666531085968017578e+00,6.555066585540771484e+00,6.433865547180175781e+00,6.055440425872802734e+00,6.334564685821533203e+00,6.740339279174804688e+00,6.662362098693847656e+00,7.045104503631591797e+00,7.097631931304931641e+00,7.059049129486083984e+00,6.904467582702636719e+00,6.752103805541992188e+00,6.327166080474853516e+00,6.095847129821777344e+00,6.055239677429199219e+00,4.812254428863525391e+00,6.317004680633544922e+00,6.230350494384765625e+00,5.259864330291748047e+00,5.310941219329833984e+00,6.612708091735839844e+00,6.425293922424316406e+00,6.504752635955810547e+00,7.520431518554687500e+00,8.096089363098144531e+00,6.735949039459228516e+00,5.933090686798095703e+00,5.620409488677978516e+00,5.612148284912109375e+00,4.903261184692382812e+00,5.067507266998291016e+00,5.995152950286865234e+00,6.098432064056396484e+00,6.367566585540771484e+00,5.886742115020751953e+00,6.262262344360351562e+00,5.994187355041503906e+00,7.134577751159667969e+00,7.319715976715087891e+00,1.899856376647949219e+01,2.910903167724609375e+01,2.926030731201171875e+01,2.993985939025878906e+01,2.122525596618652344e+01,2.307875823974609375e+01,2.489444351196289062e+01,2.200248908996582031e+01
3.869192123413085938e+00,3.689449787139892578e+00,3.665589094161987305e+00,3.692766189575195312e+00,3.247070074081420898e+00,2.409672737121582031e+00,3.068845510482788086e+00,5.324794292449951172e+00,6.445038795471191406e+00,6.654201507568359375e+00,5.893284797668457031e+00,6.160810470581054688e+00,6.453713893890380859e+00,6.056210994720458984e+00,6.645657062530517578e+00,5.639801979064941406e+00,5.628054618835449219e+00,6.646046161651611328e+00,6.618391990661621094e+00,6.900642395019531250e+00,6.656358242034912109e+00,6.441545009613037109e+00,6.726015090942382812e+00,5.795269489288330078e+00,6.305413722991943359e+00,5.843019008636474609e+00,6.271203041076660156e+00,4.994847297668457031e+00,4.779518127441406250e+00,6.149939537048339844e+00,5.258937835693359375e+00,6.084481239318847656e+00,6.480994701385498047e+00,7.208276748657226562e+00,8.083142280578613281e+00,8.743087768554687500e+00,8.809954643249511719e+00,6.975186824798583984e+00,6.331624031066894531e+00,6.218051910400390625e+00,5.358798027038574219e+00,5.089251041412353516e+00,5.243365287780761719e+00,5.731492519378662109e+00,5.614981651306152344e+00,5.313721179962158203e+00,5.808346748352050781e+00,5.484005928039550781e+00,7.071904182434082031e+00,7.155951499938964844e+00,8.008628845214843750e+00,8.110569000244140625e+00,1.734995079040527344e+01,1.919090843200683594e+01,2.009951400756835938e+01,2.157248687744140625e+01,2.316309738159179688e+01,2.342970657348632812e+01,3.401830291748046875e+01
4.637767314910888672e+00,4.135534286499023438e+00,4.160371780395507812e+00,4.982408523559570312e+00,4.452955245971679688e+00,3.049623727798461914e+00,3.681335449218750000e+00,4.170544147491455078e+00,4.798565387725830078e+00,5.120839118957519531e+00,5.058528900146484375e+00,6.182805538177490234e+00,5.584778785705566406e+00,5.730136871337890625e+00,5.003750801086425781e+00,5.159594058990478516e+00,6.301428318023681641e+00,6.553116798400878906e+00,6.584674358367919922e+00,6.615316390991210938e+00,6.598364353179931641e+00,6.387839794158935547e+00,5.935471057891845703e+00,4.298960685729980469e+00,5.813315391540527344e+00,4.453995227813720703e+00,4.863412857055664062e+00,4.297440052032470703e+00,4.545489788055419922e+00,5.189517974853515625e+00,5.422398090362548828e+00,7.291712284088134766e+00,7.848737239837646484e+00,8.148946762084960938e+00,7.490692615509033203e+00,7.108160972595214844e+00,7.381658554077148438e+00,6.434768199920654297e+00,6.316473960876464844e+00,5.685832977294921875e+00,4.958470821380615234e+00,5.245802402496337891e+00,4.739216804504394531e+00,4.833495140075683594e+00,4.655481338500976562e+00,5.113698959350585938e+00,5.029474258422851562e+00,5.986188411712646484e+00,6.835913181304931641e+00,7.257909774780273438e+00,8.110180854797363281e+00,7.535491943359375000e+00,1.809810256958007812e+01,2.081188774108886719e+01,2.142174339294433594e+01,2.169730186462402344e+01,2.282669258117675781e+01,2.327596282958984375e+01,3.056688499450683594e+01
4.922232627868652344e+00,4.902674674987792969e+00,5.359864711761474609e+00,5.844264507293701172e+00,4.628477096557617188e+00,3.313510179519653320e+00,3.323330163955688477e+00,3.619745969772338867e+00,4.150402545928955078e+00,4.290876388549804688e+00,4.676980495452880859e+00,4.623722553253173828e+00,4.929595947265625000e+00,4.083259105682373047e+00,4.819940090179443359e+00,6.010033130645751953e+00,6.110634326934814453e+00,6.473709583282470703e+00,6.507156848907470703e+00,6.654287338256835938e+00,5.791870594024658203e+00,6.213455677032470703e+00,6.338644504547119141e+00,3.429122924804687500e+00,4.403653144836425781e+00,3.629486083984375000e+00,3.232690572738647461e+00,3.449502706527709961e+00,4.328645229339599609e+00,4.715830326080322266e+00,6.357968807220458984e+00,8.471877098083496094e+00,8.341252326965332031e+00,7.060356140136718750e+00,7.198229312896728516e+00,7.159740447998046875e+00,7.310631275177001953e+00,6.720337867736816406e+00,6.141109943389892578e+00,5.657516002655029297e+00,5.455589294433593750e+00,5.033384799957275391e+00,4.940754413604736328e+00,4.821125984191894531e+00,5.415764808654785156e+00,6.491437435150146484e+00,5.695281505584716797e+00,6.193310737609863281e+00,6.205368041992187500e+00,7.298089981079101562e+00,7.387374401092529297e+00,8.280975341796875000e+00,1.961698913574218750e+01,1.986213111877441406e+01,2.050615119934082031e+01,2.254213905334472656e+01,2.300829315185546875e+01,2.473251342773437500e+01,3.351761627197265625e+01
4.904951095581054688e+00,5.743564605712890625e+00,6.044265747070312500e+00,5.334278106689453125e+00,4.499575138092041016e+00,3.598452806472778320e+00,3.546881198883056641e+00,3.320350170135498047e+00,4.004220962524414062e+00,3.759258270263671875e+00,4.056263446807861328e+00,3.929484605789184570e+00,4.230351924896240234e+00,3.764066696166992188e+00,4.898204326629638672e+00,6.297945022583007812e+00,6.575255393981933594e+00,6.833360671997070312e+00,6.890828609466552734e+00,6.688688278198242188e+00,5.072353839874267578e+00,4.491014480590820312e+00,5.028736591339111328e+00,3.081917047500610352e+00,3.109812259674072266e+00,2.522114992141723633e+00,3.197539806365966797e+00,3.556121826171875000e+00,5.150164604187011719e+00,4.728891849517822266e+00,5.675581455230712891e+00,6.833022117614746094e+00,6.627777099609375000e+00,6.666537284851074219e+00,6.749386787414550781e+00,6.836457729339599609e+00,1.610234069824218750e+01,1.525154781341552734e+01,1.560021305084228516e+01,1.455176639556884766e+01,1.469913196563720703e+01,1.445174026489257812e+01,1.439888763427734375e+01,1.526050472259521484e+01,1.530577087402343750e+01,1.238467597961425781e+01,1.339061069488525391e+01,6.265381813049316406e+00,6.419328689575195312e+00,7.641899108886718750e+00,8.056512832641601562e+00,8.650353431701660156e+00,1.922334671020507812e+01,2.049256134033203125e+01,2.243523788452148438e+01,2.320667076110839844e+01,2.386897277832031250e+01,3.703953933715820312e+01,3.240430831909179688e+01
5.611898422241210938e+00,6.412338733673095703e+00,6.666337966918945312e+00,5.903511524200439453e+00,4.877034187316894531e+00,4.728966236114501953e+00,4.667268276214599609e+00,3.765199184417724609e+00,3.548129320144653320e+00,3.824427127838134766e+00,3.764698982238769531e+00,3.325056552886962891e+00,3.729124307632446289e+00,4.185505867004394531e+00,4.833693027496337891e+00,6.105758190155029297e+00,6.892097949981689453e+00,6.055451869964599609e+00,6.376301765441894531e+00,5.407342910766601562e+00,4.961067199707031250e+00,4.260493278503417969e+00,3.630290985107421875e+00,3.285167932510375977e+00,2.878266572952270508e+00,3.042443752288818359e+00,4.931635856628417969e+00,6.211061000823974609e+00,6.864141941070556641e+00,6.740363121032714844e+00,5.989135265350341797e+00,7.190804004669189453e+00,6.706298351287841797e+00,1.749392318725585938e+01,1.733496856689453125e+01,1.586551475524902344e+01,1.698940467834472656e+01,1.729081153869628906e+01,1.745216751098632812e+01,1.705296516418457031e+01,1.677430534362792969e+01,1.511473560333251953e+01,1.609656715393066406e+01,5.798859119415283203e+00,5.479859828948974609e+00,6.127573013305664062e+00,7.222657680511474609e+00,6.965263843536376953e+00,6.780396461486816406e+00,7.364817142486572266e+00,7.654521465301513672e+00,7.693658351898193359e+00,8.535733222961425781e+00,9.350892066955566406e+00,9.621884346008300781e+00,1.029416275024414062e+01,1.140748500823974609e+01,3.670190811157226562e+01,3.202535629272460938e+01
