6.913248300552368164e-01,7.556306719779968262e-01,9.032803773880004883e-01,8.864105343818664551e-01,8.850934505462646484e-01,7.910946011543273926e-01,8.873103857040405273e-01,1.074530482292175293e+00,1.266811490058898926e+00,1.818413019180297852e+00,1.561167716979980469e+00,1.562963604927062988e+00,1.478531241416931152e+00,1.453501343727111816e+00,1.394279956817626953e+00,1.361968278884887695e+00,1.252109646797180176e+00,1.100769519805908203e+00,1.062904000282287598e+00,1.063432812690734863e+00,1.028081536293029785e+00,1.063645958900451660e+00,1.031689643859863281e+00,1.102351069450378418e+00,1.135036468505859375e+00,1.207655429840087891e+00,1.258699059486389160e+00,1.129362821578979492e+00,1.240097522735595703e+00,1.176799774169921875e+00,1.376089215278625488e+00,1.448617696762084961e+00,1.334653615951538086e+00,1.401109099388122559e+00,1.479766845703125000e+00,1.551361799240112305e+00,1.598267674446105957e+00,1.608930230140686035e+00,1.593118190765380859e+00,1.495195388793945312e+00,1.516890287399291992e+00,1.437329888343811035e+00,1.467235565185546875e+00,1.452042102813720703e+00,1.525895118713378906e+00,1.825909972190856934e+00,1.911546111106872559e+00,2.114813089370727539e+00,2.023530721664428711e+00,1.897939443588256836e+00,1.931987404823303223e+00,1.997036576271057129e+00,2.121712446212768555e+00,2.124595880508422852e+00,2.060995578765869141e+00,1.953508615493774414e+00,1.837835669517517090e+00,2.223304510116577148e+00,2.435760974884033203e+00
5.447394251823425293e-01,5.810861587524414062e-01,8.148113489151000977e-01,7.284808158874511719e-01,7.121040821075439453e-01,5.483090877532958984e-01,5.222771763801574707e-01,5.960919857025146484e-01,7.837023735046386719e-01,1.397690773010253906e+00,1.284822225570678711e+00,1.368976950645446777e+00,1.403769016265869141e+00,1.385497570037841797e+00,1.368123054504394531e+00,1.313645005226135254e+00,1.263460040092468262e+00,1.114343762397766113e+00,1.042155146598815918e+00,9.956626296043395996e-01,9.727412462234497070e-01,9.834841489791870117e-01,9.696063399314880371e-01,1.048888087272644043e+00,1.059792637825012207e+00,1.141919493675231934e+00,1.129161000251770020e+00,1.025477528572082520e+00,1.143454551696777344e+00,1.222552776336669922e+00,1.370296359062194824e+00,1.467841029167175293e+00,1.367653965950012207e+00,1.448052644729614258e+00,1.512454390525817871e+00,1.645300865173339844e+00,1.622905254364013672e+00,1.651069760322570801e+00,1.596035718917846680e+00,1.517745494842529297e+00,1.537134170532226562e+00,1.494968533515930176e+00,1.533639430999755859e+00,1.367990016937255859e+00,1.363620877265930176e+00,1.678901076316833496e+00,1.719985127449035645e+00,1.991279125213623047e+00,1.986890554428100586e+00,1.854517579078674316e+00,1.968382000923156738e+00,2.073006391525268555e+00,2.256381988525390625e+00,2.291798591613769531e+00,2.210716247558593750e+00,2.152787446975708008e+00,2.062080383300781250e+00,2.420130968093872070e+00,2.543161630630493164e+00
6.181415915489196777e-01,7.775959372520446777e-01,8.362961411476135254e-01,8.485838770866394043e-01,7.553270459175109863e-01,5.676161050796508789e-01,4.246388077735900879e-01,4.898552000522613525e-01,6.699928045272827148e-01,1.241871118545532227e+00,1.243241071701049805e+00,1.231084585189819336e+00,1.351595520973205566e+00,1.398781061172485352e+00,1.275930762290954590e+00,1.179568886756896973e+00,1.164696812629699707e+00,9.994849562644958496e-01,9.640252590179443359e-01,9.256312847137451172e-01,8.903629779815673828e-01,9.158061742782592773e-01,9.401759505271911621e-01,9.254781007766723633e-01,9.477714300155639648e-01,1.006823658943176270e+00,1.041735291481018066e+00,9.970860481262207031e-01,1.123597860336303711e+00,1.221048235893249512e+00,1.364904165267944336e+00,1.452870130538940430e+00,1.393194913864135742e+00,1.483725070953369141e+00,1.566804528236389160e+00,1.603332400321960449e+00,1.470365643501281738e+00,1.517284393310546875e+00,1.535237193107604980e+00,1.580412626266479492e+00,1.546015620231628418e+00,1.553525686264038086e+00,1.693840980529785156e+00,1.501674056053161621e+00,1.400319576263427734e+00,1.497932195663452148e+00,1.644813537597656250e+00,1.837004780769348145e+00,2.086266994476318359e+00,1.971002459526062012e+00,1.999616265296936035e+00,2.144515991210937500e+00,2.297631263732910156e+00,2.373210430145263672e+00,2.308401823043823242e+00,2.319184064865112305e+00,2.062464952468872070e+00,2.399081707000732422e+00,2.525535821914672852e+00
1.190287828445434570e+00,1.564023256301879883e+00,1.655543208122253418e+00,1.720201015472412109e+00,1.149997591972351074e+00,8.822857737541198730e-01,5.832766890525817871e-01,9.572294950485229492e-01,1.121873140335083008e+00,1.564494609832763672e+00,2.338653564453125000e+00,1.543084621429443359e+00,1.563126206398010254e+00,1.367208242416381836e+00,1.353065252304077148e+00,1.286326050758361816e+00,1.161425471305847168e+00,9.133502244949340820e-01,8.835062980651855469e-01,8.310444951057434082e-01,8.503093719482421875e-01,8.922994732856750488e-01,7.448607087135314941e-01,7.627084255218505859e-01,8.212267160415649414e-01,8.773343563079833984e-01,9.027882814407348633e-01,9.246852397918701172e-01,1.041402578353881836e+00,1.232220530509948730e+00,1.341465473175048828e+00,1.398247361183166504e+00,1.432658910751342773e+00,1.430149435997009277e+00,1.421480178833007812e+00,1.430838346481323242e+00,1.452592611312866211e+00,1.576058030128479004e+00,1.589913368225097656e+00,1.686855792999267578e+00,1.665748357772827148e+00,1.669939875602722168e+00,1.635239601135253906e+00,1.518321871757507324e+00,1.447355985641479492e+00,1.636979103088378906e+00,1.677183151245117188e+00,1.737185359001159668e+00,2.006328344345092773e+00,1.996685028076171875e+00,2.031530618667602539e+00,2.139449119567871094e+00,2.400256633758544922e+00,2.421076536178588867e+00,2.264769315719604492e+00,2.223268747329711914e+00,2.003459215164184570e+00,2.694488286972045898e+00,2.871579170227050781e+00
1.210611581802368164e+00,1.554983854293823242e+00,1.608688950538635254e+00,1.737370610237121582e+00,1.154702901840209961e+00,8.970923423767089844e-01,6.374499797821044922e-01,1.030617237091064453e+00,1.179992079734802246e+00,1.543972134590148926e+00,2.178877830505371094e+00,1.400661349296569824e+00,1.415573596954345703e+00,1.227342486381530762e+00,1.243940830230712891e+00,1.158878564834594727e+00,1.029498338699340820e+00,7.686736583709716797e-01,7.383639812469482422e-01,7.315669059753417969e-01,7.699657678604125977e-01,8.162674903869628906e-01,7.353423833847045898e-01,7.419989109039306641e-01,7.676707506179809570e-01,8.310955762863159180e-01,8.739148378372192383e-01,8.610223531723022461e-01,9.967216253280639648e-01,1.119843602180480957e+00,1.260675430297851562e+00,1.373083710670471191e+00,1.348432898521423340e+00,1.411076188087463379e+00,1.408133268356323242e+00,1.470574498176574707e+00,1.500234007835388184e+00,1.618487000465393066e+00,1.521666407585144043e+00,1.570476293563842773e+00,1.584812402725219727e+00,1.584807276725769043e+00,1.546993851661682129e+00,1.553390264511108398e+00,1.428025245666503906e+00,1.464664578437805176e+00,1.624030828475952148e+00,1.710983276367187500e+00,1.871168732643127441e+00,1.857023119926452637e+00,2.122263669967651367e+00,2.176099538803100586e+00,2.327766656875610352e+00,2.398353338241577148e+00,2.384805202484130859e+00,2.263031005859375000e+00,2.152300596237182617e+00,2.703529357910156250e+00,2.948365688323974609e+00
1.245665192604064941e+00,1.864216089248657227e+00,2.035774707794189453e+00,2.315160989761352539e+00,2.111538410186767578e+00,1.876097321510314941e+00,1.242441415786743164e+00,1.305050253868103027e+00,1.380342960357666016e+00,1.727189183235168457e+00,2.677128791809082031e+00,1.714686512947082520e+00,1.642107129096984863e+00,1.262905716896057129e+00,1.140244126319885254e+00,1.067448854446411133e+00,9.381770491600036621e-01,6.374481916427612305e-01,6.171873211860656738e-01,6.028656959533691406e-01,7.153400778770446777e-01,7.617151737213134766e-01,6.917007565498352051e-01,6.851703524589538574e-01,7.334351539611816406e-01,7.924138307571411133e-01,8.551859259605407715e-01,8.395952582359313965e-01,9.155690670013427734e-01,1.085479617118835449e+00,1.169814825057983398e+00,1.224797844886779785e+00,1.235081553459167480e+00,1.360734343528747559e+00,1.410461425781250000e+00,1.483777642250061035e+00,1.582060337066650391e+00,1.675685048103332520e+00,1.591667056083679199e+00,1.615331530570983887e+00,1.599756717681884766e+00,1.738666296005249023e+00,1.610903024673461914e+00,1.348595738410949707e+00,1.404682636260986328e+00,1.387865662574768066e+00,1.412932157516479492e+00,1.511345863342285156e+00,1.866964697837829590e+00,1.846113681793212891e+00,2.039044857025146484e+00,2.228812217712402344e+00,2.388722896575927734e+00,2.451477527618408203e+00,2.572936534881591797e+00,2.495718002319335938e+00,2.268568277359008789e+00,2.674260854721069336e+00,3.355787515640258789e+00
1.284152865409851074e+00,1.300119400024414062e+00,1.377640247344970703e+00,1.554806947708129883e+00,1.520448923110961914e+00,1.358842492103576660e+00,1.217622518539428711e+00,8.811430931091308594e-01,9.339037537574768066e-01,1.833565354347229004e+00,2.220754623413085938e+00,2.089357614517211914e+00,1.953064203262329102e+00,1.405321359634399414e+00,1.001402854919433594e+00,9.219882488250732422e-01,9.412674903869628906e-01,6.902319788932800293e-01,6.748092770576477051e-01,5.957093834877014160e-01,6.960170269012451172e-01,7.749429345130920410e-01,7.367055416107177734e-01,7.073917984962463379e-01,7.233624458312988281e-01,8.083851933479309082e-01,8.931459188461303711e-01,8.692352175712585449e-01,9.337067008018493652e-01,1.096017599105834961e+00,1.199093461036682129e+00,1.254883885383605957e+00,1.231572866439819336e+00,1.476664900779724121e+00,1.518083095550537109e+00,1.487673044204711914e+00,1.631577253341674805e+00,1.686370015144348145e+00,1.702091336250305176e+00,1.677293062210083008e+00,1.688637971878051758e+00,1.733867406845092773e+00,1.731492280960083008e+00,1.497322797775268555e+00,1.346312284469604492e+00,1.501324653625488281e+00,1.558474302291870117e+00,1.602961063385009766e+00,1.792976498603820801e+00,1.799270749092102051e+00,2.112958908081054688e+00,2.340205192565917969e+00,2.645226478576660156e+00,2.641340732574462891e+00,2.699211835861206055e+00,2.634605884552001953e+00,2.533531904220581055e+00,2.868773460388183594e+00,3.183862686157226562e+00
1.359084725379943848e+00,1.326079249382019043e+00,1.423093438148498535e+00,1.574211597442626953e+00,1.570491671562194824e+00,1.465072393417358398e+00,1.315657496452331543e+00,1.019472837448120117e+00,1.034874916076660156e+00,1.846663951873779297e+00,2.128294467926025391e+00,1.966595411300659180e+00,1.794915556907653809e+00,1.288586378097534180e+00,8.969771862030029297e-01,8.537635207176208496e-01,8.886348009109497070e-01,6.466076374053955078e-01,6.447228193283081055e-01,6.069287061691284180e-01,6.968167424201965332e-01,7.422878742218017578e-01,7.177540063858032227e-01,6.851769685745239258e-01,7.026998996734619141e-01,7.782391905784606934e-01,8.538126945495605469e-01,8.916195034980773926e-01,9.612259268760681152e-01,1.075062155723571777e+00,1.234741806983947754e+00,1.275264501571655273e+00,1.272603034973144531e+00,1.360915780067443848e+00,1.607408285140991211e+00,1.641225814819335938e+00,1.637463092803955078e+00,1.776152014732360840e+00,1.711743950843811035e+00,1.654780030250549316e+00,1.625194191932678223e+00,1.665302038192749023e+00,1.684815168380737305e+00,1.622522711753845215e+00,1.618299484252929688e+00,1.627185463905334473e+00,1.808836579322814941e+00,1.930257797241210938e+00,1.897722363471984863e+00,1.842092990875244141e+00,2.098013401031494141e+00,2.402933120727539062e+00,2.669414520263671875e+00,2.733692407608032227e+00,2.832087993621826172e+00,2.911218404769897461e+00,2.809585809707641602e+00,3.178575038909912109e+00,3.338223457336425781e+00
1.852075934410095215e+00,2.223941087722778320e+00,2.413496971130371094e+00,1.977409362792968750e+00,1.624360442161560059e+00,1.491991162300109863e+00,1.247001647949218750e+00,1.408884048461914062e+00,1.374771595001220703e+00,1.361547946929931641e+00,1.807299852371215820e+00,1.213523268699645996e+00,1.116119384765625000e+00,1.042523264884948730e+00,8.283358812332153320e-01,7.862249016761779785e-01,8.505527377128601074e-01,5.917136073112487793e-01,6.072025299072265625e-01,6.126801967620849609e-01,6.830148100852966309e-01,7.311061620712280273e-01,7.701241970062255859e-01,7.283809781074523926e-01,7.455922961235046387e-01,8.520564436912536621e-01,8.757509589195251465e-01,9.343898892402648926e-01,1.027548551559448242e+00,1.173569917678833008e+00,1.299779057502746582e+00,1.309568166732788086e+00,1.311338901519775391e+00,1.513919234275817871e+00,1.745888233184814453e+00,1.755975484848022461e+00,1.672698616981506348e+00,1.716699838638305664e+00,1.730487704277038574e+00,1.698010087013244629e+00,1.638615369796752930e+00,1.676971673965454102e+00,1.784768342971801758e+00,1.849194765090942383e+00,1.733783841133117676e+00,1.796920418739318848e+00,2.191401243209838867e+00,2.202564954757690430e+00,2.186821699142456055e+00,2.099755525588989258e+00,2.160173416137695312e+00,2.408589124679565430e+00,2.490767002105712891e+00,2.572279453277587891e+00,2.625844478607177734e+00,2.579112768173217773e+00,2.380806446075439453e+00,2.848820686340332031e+00,3.071043968200683594e+00
1.638926863670349121e+00,2.019281387329101562e+00,2.191559553146362305e+00,1.518961787223815918e+00,1.243653178215026855e+00,1.157908082008361816e+00,1.068878531455993652e+00,9.945676922798156738e-01,9.711580276489257812e-01,1.024006843566894531e+00,1.196670174598693848e+00,1.082147479057312012e+00,9.767577648162841797e-01,7.658687233924865723e-01,6.986695528030395508e-01,6.866424083709716797e-01,7.689354419708251953e-01,6.412984728813171387e-01,6.626160144805908203e-01,6.971715092658996582e-01,7.024911642074584961e-01,7.412400841712951660e-01,8.456681370735168457e-01,7.370172739028930664e-01,7.751187086105346680e-01,8.362798094749450684e-01,1.001733660697937012e+00,1.052741408348083496e+00,1.052649140357971191e+00,1.100030660629272461e+00,1.221613049507141113e+00,1.317635178565979004e+00,1.341461777687072754e+00,1.471053123474121094e+00,1.675420880317687988e+00,1.791618466377258301e+00,1.727766156196594238e+00,1.764317989349365234e+00,1.680413842201232910e+00,1.683177590370178223e+00,1.602346777915954590e+00,1.736650466918945312e+00,1.785926103591918945e+00,1.823312997817993164e+00,1.980978369712829590e+00,1.885334849357604980e+00,1.927455306053161621e+00,1.858885884284973145e+00,1.920523524284362793e+00,2.016968250274658203e+00,2.400394201278686523e+00,2.747229814529418945e+00,2.877562046051025391e+00,2.967327356338500977e+00,2.948645353317260742e+00,2.907668352127075195e+00,2.703684806823730469e+00,3.171339035034179688e+00,3.113240242004394531e+00
1.589928865432739258e+00,1.873733520507812500e+00,2.103869199752807617e+00,1.459302544593811035e+00,1.234074950218200684e+00,1.143333911895751953e+00,1.071224808692932129e+00,9.967876672744750977e-01,9.507519006729125977e-01,9.907262325286865234e-01,1.149713397026062012e+00,1.025865077972412109e+00,9.344622492790222168e-01,7.424473762512207031e-01,6.721240878105163574e-01,6.419870257377624512e-01,7.373500466346740723e-01,6.543301939964294434e-01,6.586250662803649902e-01,6.705197691917419434e-01,6.196668148040771484e-01,6.090012788772583008e-01,7.005383968353271484e-01,6.689133644104003906e-01,7.257800102233886719e-01,8.089762330055236816e-01,9.855675101280212402e-01,1.042464017868041992e+00,9.812166094779968262e-01,9.834433197975158691e-01,1.284607410430908203e+00,1.322517275810241699e+00,1.425616383552551270e+00,1.476386666297912598e+00,1.546533942222595215e+00,1.745373129844665527e+00,1.683737158775329590e+00,1.716222643852233887e+00,1.630302309989929199e+00,1.622668266296386719e+00,1.536338567733764648e+00,1.656906723976135254e+00,1.639700412750244141e+00,1.590040326118469238e+00,1.815050244331359863e+00,1.737830400466918945e+00,1.809351205825805664e+00,1.763594865798950195e+00,1.940902709960937500e+00,2.100527048110961914e+00,2.629665136337280273e+00,3.197007417678833008e+00,3.450158834457397461e+00,3.607875347137451172e+00,3.439319849014282227e+00,3.157740354537963867e+00,2.842989921569824219e+00,3.185385465621948242e+00,3.163704156875610352e+00
1.492872238159179688e+00,1.909465312957763672e+00,2.107513904571533203e+00,1.838032484054565430e+00,1.467902541160583496e+00,1.388963818550109863e+00,1.052940845489501953e+00,1.015722632408142090e+00,9.747954607009887695e-01,9.126467108726501465e-01,1.081818699836730957e+00,9.639424681663513184e-01,8.505189418792724609e-01,6.645038723945617676e-01,7.115363478660583496e-01,6.977126598358154297e-01,7.384725213050842285e-01,6.853485703468322754e-01,6.941142082214355469e-01,6.992338895797729492e-01,7.864483594894409180e-01,7.938329577445983887e-01,5.968513488769531250e-01,5.741305351257324219e-01,6.586673855781555176e-01,7.681074142456054688e-01,8.989624381065368652e-01,8.286852836608886719e-01,8.395069837570190430e-01,9.605166316032409668e-01,1.246033787727355957e+00,1.243515491485595703e+00,1.313659906387329102e+00,1.236801266670227051e+00,1.284865021705627441e+00,1.508120179176330566e+00,1.577831745147705078e+00,1.578216433525085449e+00,1.647569894790649414e+00,1.690488934516906738e+00,1.726462602615356445e+00,1.719039559364318848e+00,1.404096722602844238e+00,1.330715656280517578e+00,1.526506900787353516e+00,1.660947680473327637e+00,1.775253534317016602e+00,1.918864250183105469e+00,2.088848352432250977e+00,2.142715930938720703e+00,2.561687946319580078e+00,3.389831066131591797e+00,3.768258094787597656e+00,3.982030630111694336e+00,3.798614978790283203e+00,3.606190681457519531e+00,3.218004465103149414e+00,3.254710197448730469e+00,2.985789537429809570e+00
9.954586625099182129e-01,1.084183454513549805e+00,1.141777038574218750e+00,1.190462231636047363e+00,1.118963837623596191e+00,1.049998044967651367e+00,1.193679332733154297e+00,1.277810573577880859e+00,1.226929664611816406e+00,1.131909847259521484e+00,8.978812694549560547e-01,7.980916500091552734e-01,7.178504467010498047e-01,6.920232772827148438e-01,7.864297628402709961e-01,7.835195660591125488e-01,8.184478282928466797e-01,6.917260289192199707e-01,6.947193741798400879e-01,6.532045602798461914e-01,6.825073957443237305e-01,6.990563273429870605e-01,5.829898118972778320e-01,5.838733911514282227e-01,6.215131878852844238e-01,6.626536846160888672e-01,8.040693998336791992e-01,8.656547069549560547e-01,8.866015076637268066e-01,9.364366531372070312e-01,1.019353747367858887e+00,1.261698961257934570e+00,1.199314713478088379e+00,1.320320487022399902e+00,1.325693368911743164e+00,1.547270298004150391e+00,1.355891466140747070e+00,1.398054838180541992e+00,1.531320571899414062e+00,1.684376716613769531e+00,1.744786977767944336e+00,1.620850682258605957e+00,1.425391554832458496e+00,1.461656689643859863e+00,1.650709271430969238e+00,1.645149946212768555e+00,1.793729782104492188e+00,1.731040120124816895e+00,1.971706986427307129e+00,2.131440877914428711e+00,2.580703258514404297e+00,3.427771806716918945e+00,3.984729766845703125e+00,4.144228935241699219e+00,4.028442859649658203e+00,3.586749792098999023e+00,3.173810482025146484e+00,3.208219528198242188e+00,2.962931156158447266e+00
8.650792837142944336e-01,8.532000184059143066e-01,8.571911454200744629e-01,8.145241737365722656e-01,8.402449488639831543e-01,8.008083701133728027e-01,8.948876261711120605e-01,9.199926257133483887e-01,8.777404427528381348e-01,8.449336290359497070e-01,7.260054349899291992e-01,6.597899794578552246e-01,6.024447679519653320e-01,6.155369281768798828e-01,6.524540781974792480e-01,6.410226225852966309e-01,7.371652126312255859e-01,7.539855241775512695e-01,7.717900276184082031e-01,5.795382261276245117e-01,5.880147814750671387e-01,5.947343111038208008e-01,5.967317819595336914e-01,5.646266937255859375e-01,5.878754258155822754e-01,6.064320802688598633e-01,6.543553471565246582e-01,7.860515713691711426e-01,8.777108788490295410e-01,1.001972317695617676e+00,1.053346753120422363e+00,1.248334646224975586e+00,1.279781103134155273e+00,1.310121536254882812e+00,1.500093936920166016e+00,1.511771678924560547e+00,1.403115153312683105e+00,1.323333382606506348e+00,1.581987380981445312e+00,1.618244528770446777e+00,1.604339361190795898e+00,1.561118483543395996e+00,1.427556395530700684e+00,1.430733680725097656e+00,1.589529991149902344e+00,1.751118063926696777e+00,1.862353444099426270e+00,1.834930300712585449e+00,2.043735742568969727e+00,2.453479766845703125e+00,2.844223976135253906e+00,3.089695692062377930e+00,3.389090538024902344e+00,3.739852905273437500e+00,4.007463455200195312e+00,3.620180130004882812e+00,3.250434875488281250e+00,2.873486518859863281e+00,2.717321634292602539e+00
9.558536410331726074e-01,8.639723062515258789e-01,9.018229842185974121e-01,8.620944619178771973e-01,8.683532476425170898e-01,8.135998845100402832e-01,8.670648336410522461e-01,8.907083272933959961e-01,8.272022604942321777e-01,7.871008515357971191e-01,6.816899180412292480e-01,6.227785944938659668e-01,5.549152493476867676e-01,5.759897828102111816e-01,6.136358380317687988e-01,6.144348978996276855e-01,7.074968814849853516e-01,7.463838458061218262e-01,7.774273157119750977e-01,5.765336751937866211e-01,5.948622822761535645e-01,5.984697937965393066e-01,5.931841731071472168e-01,5.328126549720764160e-01,5.808707475662231445e-01,5.828351974487304688e-01,6.356751322746276855e-01,7.598856687545776367e-01,8.647885918617248535e-01,1.035025954246520996e+00,1.066881775856018066e+00,1.057258367538452148e+00,9.841604828834533691e-01,1.154530644416809082e+00,1.511816978454589844e+00,1.457634210586547852e+00,1.420475006103515625e+00,1.433521509170532227e+00,1.499856233596801758e+00,1.499435901641845703e+00,1.483027219772338867e+00,1.565505266189575195e+00,1.487400293350219727e+00,1.610932350158691406e+00,1.643948197364807129e+00,1.857248425483703613e+00,1.772580385208129883e+00,1.852284669876098633e+00,2.123419284820556641e+00,2.507097244262695312e+00,2.566835641860961914e+00,2.865632057189941406e+00,3.064226388931274414e+00,3.122389793395996094e+00,3.621713399887084961e+00,3.527788400650024414e+00,3.125435113906860352e+00,2.785935640335083008e+00,2.716240644454956055e+00
9.571080207824707031e-01,8.858090043067932129e-01,9.272790551185607910e-01,8.777791261672973633e-01,8.438817262649536133e-01,7.483710050582885742e-01,7.834289669990539551e-01,8.431869745254516602e-01,7.835081815719604492e-01,6.980900168418884277e-01,5.951241254806518555e-01,6.224877834320068359e-01,5.615671873092651367e-01,5.601003766059875488e-01,5.627937316894531250e-01,5.304504036903381348e-01,6.417753696441650391e-01,6.058567166328430176e-01,6.125329732894897461e-01,5.346072912216186523e-01,5.435720682144165039e-01,5.339646935462951660e-01,5.064632296562194824e-01,5.206460952758789062e-01,5.878055095672607422e-01,6.015527844429016113e-01,6.584169864654541016e-01,7.270555496215820312e-01,8.869733810424804688e-01,1.128149747848510742e+00,1.084943056106567383e+00,1.074468374252319336e+00,1.023428559303283691e+00,1.198395371437072754e+00,1.454260945320129395e+00,1.745281100273132324e+00,1.781577229499816895e+00,1.625312566757202148e+00,1.510046482086181641e+00,1.441036701202392578e+00,1.472436070442199707e+00,1.534653544425964355e+00,1.500726222991943359e+00,1.869643330574035645e+00,1.704244256019592285e+00,1.781840324401855469e+00,1.985359072685241699e+00,2.108028411865234375e+00,2.326725006103515625e+00,2.577422618865966797e+00,2.631789922714233398e+00,2.799937725067138672e+00,2.962922334671020508e+00,3.118372678756713867e+00,3.363008022308349609e+00,3.241606235504150391e+00,3.081839561462402344e+00,2.659854412078857422e+00,2.746744632720947266e+00
1.022927284240722656e+00,9.090871214866638184e-01,9.329008460044860840e-01,8.765040040016174316e-01,8.099305629730224609e-01,6.997703909873962402e-01,6.684525609016418457e-01,7.233445048332214355e-01,6.848645806312561035e-01,6.303085088729858398e-01,5.765431523323059082e-01,6.204041838645935059e-01,5.769113302230834961e-01,5.585592389106750488e-01,6.098008751869201660e-01,6.020177602767944336e-01,6.396976709365844727e-01,5.962762832641601562e-01,5.975406765937805176e-01,5.055592656135559082e-01,4.971059560775756836e-01,4.847536087036132812e-01,4.847284555435180664e-01,4.801861047744750977e-01,5.376837849617004395e-01,5.469595789909362793e-01,5.990626215934753418e-01,6.967487335205078125e-01,7.681202292442321777e-01,1.044310331344604492e+00,1.087334156036376953e+00,1.028961777687072754e+00,1.070517778396606445e+00,1.322687983512878418e+00,1.464202165603637695e+00,1.712527275085449219e+00,1.758335113525390625e+00,1.704543232917785645e+00,1.816645264625549316e+00,1.739349603652954102e+00,1.642735958099365234e+00,1.616283893585205078e+00,1.848490118980407715e+00,1.837725877761840820e+00,1.570703744888305664e+00,1.730078220367431641e+00,1.868455767631530762e+00,2.179245948791503906e+00,2.437243223190307617e+00,2.451985597610473633e+00,2.549159288406372070e+00,2.597515344619750977e+00,2.574106931686401367e+00,2.526651144027709961e+00,3.052573919296264648e+00,3.084494829177856445e+00,2.984091520309448242e+00,2.720318794250488281e+00,2.912633657455444336e+00
1.064314365386962891e+00,9.762206077575683594e-01,9.951733350753784180e-01,9.135766029357910156e-01,8.214369416236877441e-01,7.310131788253784180e-01,6.664283275604248047e-01,7.338232398033142090e-01,6.892696022987365723e-01,6.190654635429382324e-01,5.613829493522644043e-01,6.164723634719848633e-01,5.786242485046386719e-01,5.798507928848266602e-01,6.147759556770324707e-01,6.166687607765197754e-01,6.638454794883728027e-01,5.916304588317871094e-01,5.853422880172729492e-01,5.184686779975891113e-01,5.036678910255432129e-01,5.143087506294250488e-01,5.272744297981262207e-01,5.084919929504394531e-01,5.410220026969909668e-01,5.598244667053222656e-01,5.844184160232543945e-01,7.102460265159606934e-01,7.509925365447998047e-01,8.958302140235900879e-01,1.069554209709167480e+00,1.182576537132263184e+00,1.099521875381469727e+00,1.267232656478881836e+00,1.342888236045837402e+00,1.500841856002807617e+00,1.762105226516723633e+00,1.718513011932373047e+00,1.647376656532287598e+00,1.673729658126831055e+00,1.911511659622192383e+00,2.038835525512695312e+00,1.783181428909301758e+00,1.696076154708862305e+00,1.855784296989440918e+00,1.977451205253601074e+00,2.132018566131591797e+00,2.205816507339477539e+00,2.188906431198120117e+00,2.193377971649169922e+00,2.146264076232910156e+00,2.188284397125244141e+00,2.274867534637451172e+00,2.342750310897827148e+00,2.859709262847900391e+00,2.688114404678344727e+00,2.706278562545776367e+00,2.619392871856689453e+00,2.750370740890502930e+00
7.494044303894042969e-01,6.644514799118041992e-01,9.487165212631225586e-01,7.696485519409179688e-01,6.324302554130554199e-01,5.243458151817321777e-01,4.890628755092620850e-01,5.341974496841430664e-01,4.930464029312133789e-01,4.493032097816467285e-01,4.551945030689239502e-01,4.843104481697082520e-01,5.316233038902282715e-01,6.324427723884582520e-01,6.816785335540771484e-01,6.511574387550354004e-01,6.626046299934387207e-01,5.285504460334777832e-01,5.199155807495117188e-01,5.189442634582519531e-01,5.212797522544860840e-01,5.369191765785217285e-01,5.365094542503356934e-01,4.972023367881774902e-01,5.209825634956359863e-01,5.253748297691345215e-01,5.370659828186035156e-01,5.853877663612365723e-01,7.362125515937805176e-01,8.674223423004150391e-01,9.596636295318603516e-01,1.043534040451049805e+00,1.120850920677185059e+00,1.261976599693298340e+00,1.210847973823547363e+00,1.484241008758544922e+00,1.676593184471130371e+00,1.523622393608093262e+00,1.479441761970520020e+00,1.388095498085021973e+00,1.439154028892517090e+00,1.621423721313476562e+00,1.666332244873046875e+00,1.788235902786254883e+00,1.977714180946350098e+00,1.984876871109008789e+00,2.056494951248168945e+00,2.290751695632934570e+00,2.408481359481811523e+00,2.223343133926391602e+00,2.028998851776123047e+00,2.099301338195800781e+00,2.125435590744018555e+00,2.467604160308837891e+00,2.846579313278198242e+00,2.796030998229980469e+00,2.795306444168090820e+00,2.511431694030761719e+00,2.719315290451049805e+00
9.749695658683776855e-01,8.138011693954467773e-01,1.178534507751464844e+00,9.021103978157043457e-01,7.138972878456115723e-01,5.838051438331604004e-01,5.053712129592895508e-01,5.817444920539855957e-01,5.527251958847045898e-01,5.065311789512634277e-01,4.441618025302886963e-01,5.146662592887878418e-01,5.531519651412963867e-01,5.964295864105224609e-01,6.555089354515075684e-01,6.721557378768920898e-01,6.548739075660705566e-01,5.672585368156433105e-01,5.338720083236694336e-01,5.036692023277282715e-01,5.656179785728454590e-01,5.970441102981567383e-01,5.494478940963745117e-01,5.303679704666137695e-01,5.153304338455200195e-01,4.946794211864471436e-01,5.614578723907470703e-01,5.963865518569946289e-01,7.492795586585998535e-01,9.001507759094238281e-01,8.663803339004516602e-01,9.642156362533569336e-01,1.088669896125793457e+00,1.275696158409118652e+00,1.256519436836242676e+00,1.428055644035339355e+00,1.528409481048583984e+00,1.480090141296386719e+00,1.627326488494873047e+00,1.566549777984619141e+00,1.635257840156555176e+00,1.915039539337158203e+00,2.052896738052368164e+00,2.102584838867187500e+00,2.043148994445800781e+00,1.995945334434509277e+00,1.861842274665832520e+00,1.971596121788024902e+00,2.202055931091308594e+00,2.423982858657836914e+00,2.460812330245971680e+00,2.610159397125244141e+00,2.476307630538940430e+00,2.419390439987182617e+00,2.864076137542724609e+00,2.723979473114013672e+00,2.692798614501953125e+00,2.264454364776611328e+00,2.658005237579345703e+00
1.067746162414550781e+00,8.970242142677307129e-01,1.243682622909545898e+00,9.793685078620910645e-01,7.619739770889282227e-01,6.213084459304809570e-01,5.364381670951843262e-01,6.285900473594665527e-01,5.975715517997741699e-01,5.436549186706542969e-01,4.666993618011474609e-01,5.304972529411315918e-01,5.748119950294494629e-01,5.765355229377746582e-01,6.400117278099060059e-01,7.240330576896667480e-01,6.785270571708679199e-01,6.040219068527221680e-01,5.639876127243041992e-01,5.511839389801025391e-01,6.062598228454589844e-01,6.342579722404479980e-01,5.670480132102966309e-01,5.852553248405456543e-01,5.552589297294616699e-01,5.167100429534912109e-01,5.574735999107360840e-01,5.759364962577819824e-01,7.082666754722595215e-01,8.917471170425415039e-01,8.401033878326416016e-01,9.207940101623535156e-01,1.054915666580200195e+00,1.248381257057189941e+00,1.314821481704711914e+00,1.426373124122619629e+00,1.446299195289611816e+00,1.549262762069702148e+00,1.758271098136901855e+00,1.875574827194213867e+00,1.942786097526550293e+00,2.005586624145507812e+00,1.999258518218994141e+00,2.047548294067382812e+00,1.935357093811035156e+00,1.825945377349853516e+00,1.665681362152099609e+00,1.792039275169372559e+00,2.081034898757934570e+00,2.254659414291381836e+00,2.162628650665283203e+00,2.333958864212036133e+00,2.208048105239868164e+00,2.161523818969726562e+00,2.520513057708740234e+00,2.550593376159667969e+00,2.525613307952880859e+00,2.069941520690917969e+00,2.514122009277343750e+00
1.179880619049072266e+00,9.744225740432739258e-01,1.406064867973327637e+00,1.095504164695739746e+00,8.475812673568725586e-01,7.030549645423889160e-01,6.215862035751342773e-01,7.052531242370605469e-01,6.787835955619812012e-01,5.956739783287048340e-01,5.159726142883300781e-01,5.091742873191833496e-01,5.297648310661315918e-01,5.540445446968078613e-01,5.672894716262817383e-01,6.269733309745788574e-01,6.915534138679504395e-01,5.602796077728271484e-01,5.311051607131958008e-01,5.249467492103576660e-01,5.663285851478576660e-01,6.000595092773437500e-01,5.804010033607482910e-01,5.517796874046325684e-01,5.268189311027526855e-01,5.812890529632568359e-01,5.778908133506774902e-01,6.044930815696716309e-01,6.465862989425659180e-01,7.942935824394226074e-01,9.332597851753234863e-01,9.556438326835632324e-01,9.821059107780456543e-01,1.142857670783996582e+00,1.317657828330993652e+00,1.355673909187316895e+00,1.403132081031799316e+00,1.384911775588989258e+00,1.528539061546325684e+00,1.709960341453552246e+00,1.870591402053833008e+00,1.986157536506652832e+00,1.990948200225830078e+00,1.911992073059082031e+00,1.992743134498596191e+00,1.984509229660034180e+00,1.729629993438720703e+00,1.555618405342102051e+00,2.083034515380859375e+00,2.013234376907348633e+00,2.073590517044067383e+00,2.355874776840209961e+00,2.200723171234130859e+00,2.263659000396728516e+00,2.604603052139282227e+00,2.521179437637329102e+00,2.498985290527343750e+00,2.128580331802368164e+00,2.497547149658203125e+00
1.241174221038818359e+00,1.029722690582275391e+00,1.457345366477966309e+00,1.095888495445251465e+00,8.859752416610717773e-01,7.489529252052307129e-01,6.674312353134155273e-01,7.544209957122802734e-01,7.143701314926147461e-01,6.456451416015625000e-01,5.603942275047302246e-01,5.128354430198669434e-01,5.211032629013061523e-01,5.104758143424987793e-01,4.877098798751831055e-01,5.337548255920410156e-01,6.474182009696960449e-01,5.948541164398193359e-01,5.892479419708251953e-01,5.368149280548095703e-01,6.002925634384155273e-01,6.799893379211425781e-01,6.360123753547668457e-01,5.875946879386901855e-01,5.791703462600708008e-01,6.920266747474670410e-01,6.447055935859680176e-01,5.913068056106567383e-01,6.598170399665832520e-01,7.001786231994628906e-01,9.342360496520996094e-01,1.018846750259399414e+00,1.060698390007019043e+00,1.195217132568359375e+00,1.353389263153076172e+00,1.354811787605285645e+00,1.370732545852661133e+00,1.237959384918212891e+00,1.389405250549316406e+00,1.544832825660705566e+00,1.592077136039733887e+00,1.640290498733520508e+00,1.548036932945251465e+00,1.590506553649902344e+00,1.928841590881347656e+00,1.885838031768798828e+00,1.589060902595520020e+00,1.575386524200439453e+00,2.173274755477905273e+00,2.190415859222412109e+00,2.279779434204101562e+00,2.203557729721069336e+00,2.039596796035766602e+00,2.087704658508300781e+00,2.352116823196411133e+00,2.342047691345214844e+00,2.338222026824951172e+00,2.311354398727416992e+00,2.334268808364868164e+00
1.971182584762573242e+00,1.654353618621826172e+00,1.330792784690856934e+00,1.012699246406555176e+00,8.184459805488586426e-01,7.046818733215332031e-01,6.159552335739135742e-01,6.945264935493469238e-01,6.700506210327148438e-01,5.998762249946594238e-01,5.316022634506225586e-01,5.098498463630676270e-01,4.832432568073272705e-01,4.791937470436096191e-01,4.620613157749176025e-01,5.048811435699462891e-01,5.835329294204711914e-01,5.718998908996582031e-01,6.478160619735717773e-01,6.469569802284240723e-01,7.256845831871032715e-01,7.246986627578735352e-01,6.447734832763671875e-01,6.281454563140869141e-01,6.717500686645507812e-01,7.283194661140441895e-01,5.993832349777221680e-01,6.396209597587585449e-01,6.922572851181030273e-01,7.364198565483093262e-01,8.126083612442016602e-01,1.012012481689453125e+00,1.144089341163635254e+00,1.291361451148986816e+00,1.378172039985656738e+00,1.458917021751403809e+00,1.571234464645385742e+00,1.618678092956542969e+00,1.668959856033325195e+00,1.408556222915649414e+00,1.374664545059204102e+00,1.468142271041870117e+00,1.514383077621459961e+00,1.463416695594787598e+00,1.528774023056030273e+00,1.637006878852844238e+00,1.465699315071105957e+00,1.612901687622070312e+00,2.037302732467651367e+00,2.014191150665283203e+00,1.918060421943664551e+00,2.153141021728515625e+00,1.930728673934936523e+00,1.981676459312438965e+00,2.041063785552978516e+00,2.023108243942260742e+00,2.088745117187500000e+00,2.276398897171020508e+00,2.250378847122192383e+00
1.572202920913696289e+00,1.361934423446655273e+00,1.082386255264282227e+00,8.907691240310668945e-01,7.277565002441406250e-01,6.483726501464843750e-01,5.936364531517028809e-01,6.074004769325256348e-01,5.721892714500427246e-01,5.519431829452514648e-01,5.098885297775268555e-01,4.508323967456817627e-01,4.509339034557342529e-01,4.991193413734436035e-01,5.054575204849243164e-01,5.413553714752197266e-01,6.069005727767944336e-01,6.334374547004699707e-01,6.726700067520141602e-01,6.783289313316345215e-01,7.514399290084838867e-01,7.396089434623718262e-01,6.654177904129028320e-01,6.811499595642089844e-01,7.148227691650390625e-01,7.042850852012634277e-01,7.431674599647521973e-01,7.955406904220581055e-01,9.165607094764709473e-01,9.363615512847900391e-01,9.431081414222717285e-01,9.404241442680358887e-01,1.203766226768493652e+00,1.299309849739074707e+00,1.227501392364501953e+00,1.438143849372863770e+00,1.463832736015319824e+00,1.507208824157714844e+00,1.662251591682434082e+00,1.568814992904663086e+00,1.160328388214111328e+00,1.210788488388061523e+00,1.233914494514465332e+00,1.193986892700195312e+00,1.366101264953613281e+00,1.482956290245056152e+00,1.475157618522644043e+00,1.774474263191223145e+00,1.913730621337890625e+00,1.777452588081359863e+00,1.562343716621398926e+00,1.922250866889953613e+00,2.023128032684326172e+00,1.933869957923889160e+00,1.634012222290039062e+00,1.894650697708129883e+00,2.228980064392089844e+00,2.182656288146972656e+00,2.367750406265258789e+00
1.184605002403259277e+00,1.065666079521179199e+00,8.773619532585144043e-01,7.903782129287719727e-01,6.658670902252197266e-01,6.292632222175598145e-01,5.258463025093078613e-01,5.930655002593994141e-01,5.537543892860412598e-01,4.693416953086853027e-01,4.477831721305847168e-01,3.809704184532165527e-01,4.181781113147735596e-01,5.171016454696655273e-01,4.963339865207672119e-01,5.438928604125976562e-01,5.994139313697814941e-01,6.652628779411315918e-01,6.478018164634704590e-01,6.185197830200195312e-01,6.087897419929504395e-01,6.559454798698425293e-01,6.420113444328308105e-01,6.890304088592529297e-01,6.731711626052856445e-01,7.602360844612121582e-01,7.928456068038940430e-01,8.241230845451354980e-01,8.967888951301574707e-01,1.047824025154113770e+00,1.063596010208129883e+00,1.127897381782531738e+00,1.202889561653137207e+00,1.104381203651428223e+00,1.042292475700378418e+00,1.303177714347839355e+00,1.326173067092895508e+00,1.546630024909973145e+00,1.374566674232482910e+00,1.464370846748352051e+00,1.577183723449707031e+00,1.452908039093017578e+00,1.233532905578613281e+00,1.157133817672729492e+00,1.349466562271118164e+00,1.456618309020996094e+00,1.525261282920837402e+00,1.579649090766906738e+00,1.906340599060058594e+00,1.453673601150512695e+00,1.326453089714050293e+00,1.386466026306152344e+00,1.749606490135192871e+00,1.610297083854675293e+00,1.431720376014709473e+00,1.973220586776733398e+00,2.149276733398437500e+00,2.074164867401123047e+00,2.513947725296020508e+00
1.031468272209167480e+00,8.894060254096984863e-01,7.531349062919616699e-01,7.071114182472229004e-01,6.198381781578063965e-01,5.796098113059997559e-01,4.869088530540466309e-01,5.507758259773254395e-01,5.514082908630371094e-01,5.122284889221191406e-01,4.199222326278686523e-01,3.501598238945007324e-01,3.933578133583068848e-01,4.792947173118591309e-01,4.611204564571380615e-01,5.515452027320861816e-01,6.690274477005004883e-01,6.552256941795349121e-01,5.904976129531860352e-01,5.484841465950012207e-01,5.530774593353271484e-01,5.294086933135986328e-01,5.530826449394226074e-01,6.346800327301025391e-01,6.286239027976989746e-01,6.796178221702575684e-01,6.998307108879089355e-01,6.762967705726623535e-01,8.051639199256896973e-01,1.066200733184814453e+00,1.136673688888549805e+00,1.311437606811523438e+00,1.275650024414062500e+00,1.177079319953918457e+00,1.348633050918579102e+00,1.247594952583312988e+00,1.490211129188537598e+00,1.572534441947937012e+00,1.499999761581420898e+00,1.336659550666809082e+00,1.331970214843750000e+00,1.480503201484680176e+00,1.358382463455200195e+00,9.921263456344604492e-01,1.073363184928894043e+00,1.206014871597290039e+00,1.316767930984497070e+00,1.358600378036499023e+00,1.688532114028930664e+00,1.417429447174072266e+00,1.227267503738403320e+00,1.443084239959716797e+00,1.696963906288146973e+00,1.717070341110229492e+00,1.734264016151428223e+00,1.945927023887634277e+00,2.068159580230712891e+00,2.112662553787231445e+00,2.599315404891967773e+00
8.335086703300476074e-01,7.041448354721069336e-01,6.089933514595031738e-01,5.906912088394165039e-01,5.598416924476623535e-01,5.275221467018127441e-01,4.326844513416290283e-01,5.147860050201416016e-01,5.286638736724853516e-01,5.332343578338623047e-01,4.951539933681488037e-01,4.333422780036926270e-01,4.831975400447845459e-01,5.314406156539916992e-01,5.411542654037475586e-01,6.228970289230346680e-01,6.696338057518005371e-01,7.317736744880676270e-01,6.704206466674804688e-01,6.493177413940429688e-01,5.879511833190917969e-01,5.949181318283081055e-01,5.665266513824462891e-01,5.158658027648925781e-01,6.040448546409606934e-01,6.863356828689575195e-01,5.984564423561096191e-01,4.886644184589385986e-01,6.352613568305969238e-01,1.004834890365600586e+00,1.127918839454650879e+00,1.339738249778747559e+00,1.357774972915649414e+00,1.327800154685974121e+00,1.253887891769409180e+00,1.378795742988586426e+00,1.286858320236206055e+00,1.263549804687500000e+00,1.194075345993041992e+00,1.153684377670288086e+00,1.034448027610778809e+00,1.051120758056640625e+00,1.105835914611816406e+00,8.540074825286865234e-01,9.810955524444580078e-01,1.049966812133789062e+00,1.239145517349243164e+00,1.355757355690002441e+00,1.445374011993408203e+00,1.323915362358093262e+00,1.104801774024963379e+00,1.197003245353698730e+00,1.186344981193542480e+00,1.192618846893310547e+00,1.337425231933593750e+00,1.343718886375427246e+00,1.641584873199462891e+00,1.867335200309753418e+00,2.283056020736694336e+00
8.191985487937927246e-01,7.571043968200683594e-01,6.619978547096252441e-01,6.305865645408630371e-01,6.050632596015930176e-01,5.501079559326171875e-01,5.036123394966125488e-01,4.735924303531646729e-01,5.346292257308959961e-01,5.015020370483398438e-01,4.929443001747131348e-01,4.168828129768371582e-01,4.411169588565826416e-01,5.673474073410034180e-01,5.984655618667602539e-01,6.431854367256164551e-01,6.619204282760620117e-01,7.705334424972534180e-01,7.161396145820617676e-01,6.327807307243347168e-01,5.884044170379638672e-01,6.106918454170227051e-01,4.890947639942169189e-01,4.494167566299438477e-01,5.046308040618896484e-01,4.708502590656280518e-01,4.518924057483673096e-01,3.702457845211029053e-01,6.069315075874328613e-01,9.645429253578186035e-01,1.006956219673156738e+00,1.188763260841369629e+00,1.325306296348571777e+00,1.329103469848632812e+00,1.197390079498291016e+00,1.023970007896423340e+00,9.054659008979797363e-01,1.083435893058776855e+00,1.010962843894958496e+00,9.521804451942443848e-01,8.788992762565612793e-01,9.397890567779541016e-01,9.323953986167907715e-01,9.124841094017028809e-01,7.565041780471801758e-01,8.483518958091735840e-01,1.103612303733825684e+00,1.140083551406860352e+00,1.134624123573303223e+00,1.094383835792541504e+00,1.063830137252807617e+00,9.425613880157470703e-01,1.044199705123901367e+00,1.062095403671264648e+00,1.340230584144592285e+00,1.551881909370422363e+00,1.877691268920898438e+00,2.260151624679565430e+00,2.640013694763183594e+00
7.821230888366699219e-01,6.978918313980102539e-01,6.185569763183593750e-01,5.988512635231018066e-01,5.365312099456787109e-01,5.318180918693542480e-01,5.450057983398437500e-01,4.525965452194213867e-01,4.915232956409454346e-01,5.589450597763061523e-01,5.059575438499450684e-01,4.648724198341369629e-01,4.308961033821105957e-01,5.173081755638122559e-01,6.042767763137817383e-01,5.973572731018066406e-01,6.715530157089233398e-01,6.842554211616516113e-01,6.299538016319274902e-01,6.078393459320068359e-01,5.629900693893432617e-01,5.835501551628112793e-01,4.432530105113983154e-01,4.252499938011169434e-01,4.330304861068725586e-01,4.417693316936492920e-01,4.447908997535705566e-01,4.050031602382659912e-01,5.480003356933593750e-01,9.474938511848449707e-01,1.099968314170837402e+00,1.135092377662658691e+00,1.324415802955627441e+00,1.275388956069946289e+00,1.124388575553894043e+00,9.746624827384948730e-01,8.451411128044128418e-01,7.747520208358764648e-01,9.033129811286926270e-01,8.526138067245483398e-01,7.576634287834167480e-01,6.724086999893188477e-01,7.533706426620483398e-01,6.291877031326293945e-01,6.978172063827514648e-01,8.893851637840270996e-01,9.750870466232299805e-01,9.926373958587646484e-01,9.862494468688964844e-01,9.907550215721130371e-01,9.898768067359924316e-01,9.131941199302673340e-01,1.064999461174011230e+00,1.309268355369567871e+00,1.630113840103149414e+00,1.937080502510070801e+00,2.517634153366088867e+00,2.897670984268188477e+00,2.943093776702880859e+00
7.581530213356018066e-01,6.704219579696655273e-01,5.665681958198547363e-01,5.449112653732299805e-01,5.203379988670349121e-01,5.325561761856079102e-01,5.371145606040954590e-01,4.755360186100006104e-01,5.075206756591796875e-01,5.479567646980285645e-01,5.154139399528503418e-01,5.435696840286254883e-01,4.930873811244964600e-01,4.661461710929870605e-01,4.749650955200195312e-01,5.012558102607727051e-01,5.711606740951538086e-01,6.079791784286499023e-01,5.809021592140197754e-01,5.562716722488403320e-01,5.246012806892395020e-01,5.336920022964477539e-01,4.523289501667022705e-01,4.555788636207580566e-01,4.703490436077117920e-01,4.905136823654174805e-01,6.168101429939270020e-01,5.667746067047119141e-01,6.088067889213562012e-01,8.473092913627624512e-01,9.606244564056396484e-01,1.135624408721923828e+00,1.388991713523864746e+00,1.205018401145935059e+00,1.202773332595825195e+00,1.010581851005554199e+00,8.282111287117004395e-01,8.140015602111816406e-01,7.274838089942932129e-01,8.089641332626342773e-01,7.498853802680969238e-01,8.142551779747009277e-01,8.918218016624450684e-01,8.457356095314025879e-01,8.226506114006042480e-01,1.087001085281372070e+00,1.041730403900146484e+00,9.196778535842895508e-01,1.109877467155456543e+00,1.135146975517272949e+00,1.134393095970153809e+00,1.086855173110961914e+00,1.229583621025085449e+00,1.498178124427795410e+00,1.639335393905639648e+00,2.174210548400878906e+00,2.840530872344970703e+00,3.247648239135742188e+00,3.214385271072387695e+00
7.863035798072814941e-01,6.634767651557922363e-01,5.749722123146057129e-01,5.452306866645812988e-01,5.288784503936767578e-01,5.286759138107299805e-01,5.513550639152526855e-01,4.822183251380920410e-01,5.029765963554382324e-01,5.496476292610168457e-01,6.304575204849243164e-01,5.405961275100708008e-01,5.069401264190673828e-01,5.143656134605407715e-01,4.729092121124267578e-01,4.906073510646820068e-01,5.249924659729003906e-01,5.084778666496276855e-01,4.759842157363891602e-01,4.780764579772949219e-01,5.273942947387695312e-01,5.428977012634277344e-01,4.726875722408294678e-01,5.289274454116821289e-01,5.679402351379394531e-01,6.695243716239929199e-01,7.544422149658203125e-01,7.486461997032165527e-01,8.006747961044311523e-01,8.488397002220153809e-01,1.055676341056823730e+00,1.222388744354248047e+00,1.487396240234375000e+00,1.413469672203063965e+00,1.307020068168640137e+00,9.341982603073120117e-01,8.732361793518066406e-01,8.511611223220825195e-01,9.349793195724487305e-01,9.208669662475585938e-01,9.134131073951721191e-01,9.486435055732727051e-01,9.726814031600952148e-01,1.096407294273376465e+00,1.012791633605957031e+00,1.042296051979064941e+00,1.018108367919921875e+00,1.013847470283508301e+00,1.097281217575073242e+00,1.123799085617065430e+00,1.170652627944946289e+00,1.252464175224304199e+00,1.324439883232116699e+00,1.523543000221252441e+00,1.689242482185363770e+00,2.006838083267211914e+00,2.593922376632690430e+00,3.013837814331054688e+00,3.050479412078857422e+00
7.967019677162170410e-01,6.917941570281982422e-01,5.926407575607299805e-01,5.434708595275878906e-01,4.991232454776763916e-01,4.918720126152038574e-01,5.025770068168640137e-01,5.018321275711059570e-01,5.286048650741577148e-01,5.504616498947143555e-01,6.073310971260070801e-01,5.854467749595642090e-01,5.552151799201965332e-01,4.814085662364959717e-01,6.131696105003356934e-01,5.618335604667663574e-01,5.078647732734680176e-01,4.712384939193725586e-01,4.482741355895996094e-01,3.541647493839263916e-01,4.179678857326507568e-01,4.790701866149902344e-01,4.692232906818389893e-01,6.208852529525756836e-01,7.308301329612731934e-01,7.500788569450378418e-01,9.103482365608215332e-01,1.055687189102172852e+00,1.058769822120666504e+00,1.057327866554260254e+00,9.561383724212646484e-01,1.195576906204223633e+00,1.540821433067321777e+00,1.225829839706420898e+00,1.274974703788757324e+00,1.123566389083862305e+00,9.454594850540161133e-01,9.686109423637390137e-01,1.023908495903015137e+00,1.089556694030761719e+00,1.024148464202880859e+00,1.145760178565979004e+00,1.177539467811584473e+00,1.106453776359558105e+00,1.066645622253417969e+00,9.459766745567321777e-01,9.531933665275573730e-01,9.357017874717712402e-01,9.786241054534912109e-01,9.835357069969177246e-01,1.203120470046997070e+00,1.353011369705200195e+00,1.446139454841613770e+00,1.471517562866210938e+00,1.664897441864013672e+00,2.027996540069580078e+00,2.318904399871826172e+00,2.698618412017822266e+00,2.766494035720825195e+00
8.188616037368774414e-01,7.066344618797302246e-01,6.329742074012756348e-01,5.714801549911499023e-01,5.375679731369018555e-01,5.481179952621459961e-01,5.547151565551757812e-01,5.591689944267272949e-01,5.741770863533020020e-01,6.091625094413757324e-01,6.534446477890014648e-01,6.174952983856201172e-01,5.953799486160278320e-01,5.432384610176086426e-01,7.072702646255493164e-01,6.813317537307739258e-01,6.041076183319091797e-01,4.482070207595825195e-01,3.293025493621826172e-01,2.516564428806304932e-01,2.485881596803665161e-01,4.397715926170349121e-01,3.138722777366638184e-01,4.199191331863403320e-01,4.217849671840667725e-01,4.141892790794372559e-01,5.305766463279724121e-01,6.769442558288574219e-01,7.664899826049804688e-01,8.047690987586975098e-01,7.829149365425109863e-01,8.314841389656066895e-01,1.007074356079101562e+00,9.256645441055297852e-01,7.668724656105041504e-01,7.533558011054992676e-01,7.028859853744506836e-01,1.225307583808898926e+00,1.214853763580322266e+00,1.192506551742553711e+00,1.155903697013854980e+00,1.256041407585144043e+00,1.363335609436035156e+00,1.255797266960144043e+00,9.863399863243103027e-01,1.050035834312438965e+00,9.873881936073303223e-01,9.534838795661926270e-01,1.011532902717590332e+00,1.026720166206359863e+00,1.129798293113708496e+00,1.324038743972778320e+00,1.406474590301513672e+00,1.424140214920043945e+00,1.513404250144958496e+00,1.583961009979248047e+00,1.868991613388061523e+00,2.541152000427246094e+00,2.687249898910522461e+00
8.382894992828369141e-01,7.751951217651367188e-01,6.990938186645507812e-01,5.765635371208190918e-01,5.507248044013977051e-01,5.439965128898620605e-01,5.506217479705810547e-01,5.776990056037902832e-01,5.830926299095153809e-01,6.358230113983154297e-01,6.057733297348022461e-01,5.955600738525390625e-01,5.673394799232482910e-01,5.715593099594116211e-01,6.279848814010620117e-01,6.209913492202758789e-01,5.839550495147705078e-01,4.458015263080596924e-01,3.023811578750610352e-01,3.882288932800292969e-01,3.590361475944519043e-01,3.540907800197601318e-01,2.974334657192230225e-01,3.651868104934692383e-01,3.776384890079498291e-01,4.144238531589508057e-01,5.030865073204040527e-01,6.564894318580627441e-01,7.727089524269104004e-01,8.703022599220275879e-01,9.853996038436889648e-01,9.167806506156921387e-01,9.846010804176330566e-01,8.907643556594848633e-01,8.299564123153686523e-01,8.440163135528564453e-01,9.398134350776672363e-01,1.445150017738342285e+00,1.180870056152343750e+00,1.281743049621582031e+00,1.359120965003967285e+00,1.328085660934448242e+00,1.229470610618591309e+00,1.030961036682128906e+00,9.881157279014587402e-01,1.072247862815856934e+00,1.076814889907836914e+00,1.001703858375549316e+00,9.273298978805541992e-01,1.019441604614257812e+00,1.068773865699768066e+00,1.231038570404052734e+00,1.378207921981811523e+00,1.440582394599914551e+00,1.489530801773071289e+00,1.514700770378112793e+00,1.649747610092163086e+00,2.356941938400268555e+00,2.652807950973510742e+00
9.795198440551757812e-01,8.466384410858154297e-01,7.654878497123718262e-01,6.647956371307373047e-01,6.385802030563354492e-01,6.328575611114501953e-01,6.861167550086975098e-01,6.755735874176025391e-01,7.091200947761535645e-01,7.363963127136230469e-01,7.047480344772338867e-01,6.306540369987487793e-01,6.551458835601806641e-01,6.548727154731750488e-01,6.170526146888732910e-01,6.112269163131713867e-01,5.150502324104309082e-01,4.779652357101440430e-01,3.581839799880981445e-01,3.713507056236267090e-01,5.898440480232238770e-01,6.138251423835754395e-01,3.798611164093017578e-01,4.121938645839691162e-01,4.337944388389587402e-01,4.455105066299438477e-01,4.571607410907745361e-01,5.464348793029785156e-01,6.786503791809082031e-01,8.173458576202392578e-01,8.398793935775756836e-01,9.972656965255737305e-01,9.190395474433898926e-01,8.992691636085510254e-01,9.368640780448913574e-01,1.014351487159729004e+00,9.449818134307861328e-01,1.318887472152709961e+00,1.115392684936523438e+00,1.455397129058837891e+00,1.404014468193054199e+00,1.015768527984619141e+00,9.702965617179870605e-01,9.637480378150939941e-01,1.037020087242126465e+00,1.020488858222961426e+00,1.023190379142761230e+00,1.009696483612060547e+00,1.009067535400390625e+00,9.524279832839965820e-01,1.045734286308288574e+00,1.239704608917236328e+00,1.290155768394470215e+00,1.287520170211791992e+00,1.481922507286071777e+00,1.444783449172973633e+00,1.574019432067871094e+00,2.352373600006103516e+00,2.583335638046264648e+00
1.032547712326049805e+00,9.262933135032653809e-01,8.637401461601257324e-01,7.457138299942016602e-01,7.208954691886901855e-01,7.592510581016540527e-01,7.978256940841674805e-01,7.820140123367309570e-01,7.174788713455200195e-01,7.378016114234924316e-01,7.245967388153076172e-01,6.983806490898132324e-01,6.957892179489135742e-01,7.028762698173522949e-01,6.319878697395324707e-01,6.122868061065673828e-01,5.649385452270507812e-01,5.030919909477233887e-01,4.528984725475311279e-01,3.360868990421295166e-01,5.321187973022460938e-01,6.785502433776855469e-01,4.110950231552124023e-01,4.162585437297821045e-01,4.647766351699829102e-01,4.476740658283233643e-01,4.804806709289550781e-01,5.907508730888366699e-01,7.271398305892944336e-01,8.596060872077941895e-01,9.278560280799865723e-01,1.044939756393432617e+00,8.112465739250183105e-01,8.010205030441284180e-01,7.998303771018981934e-01,7.617925405502319336e-01,7.586157917976379395e-01,1.351241827011108398e+00,1.325933098793029785e+00,1.468141078948974609e+00,1.258526325225830078e+00,9.592499732971191406e-01,1.068504571914672852e+00,9.499093294143676758e-01,1.104392766952514648e+00,1.316977620124816895e+00,1.280434727668762207e+00,1.062906503677368164e+00,1.090412139892578125e+00,1.004645705223083496e+00,9.638745784759521484e-01,1.219306588172912598e+00,1.307503700256347656e+00,1.373573541641235352e+00,1.431088209152221680e+00,1.561642169952392578e+00,1.708467960357666016e+00,2.294817924499511719e+00,2.504580020904541016e+00
1.097145318984985352e+00,9.912871718406677246e-01,9.322698712348937988e-01,8.638868331909179688e-01,8.303221464157104492e-01,8.507966399192810059e-01,8.654248714447021484e-01,8.296387195587158203e-01,8.062015175819396973e-01,8.455285429954528809e-01,7.739105820655822754e-01,7.849018573760986328e-01,7.534015178680419922e-01,6.586523652076721191e-01,6.592004895210266113e-01,6.549142599105834961e-01,5.582743287086486816e-01,5.629106760025024414e-01,5.420164465904235840e-01,4.879414439201354980e-01,5.409457683563232422e-01,6.802975535392761230e-01,4.038043916225433350e-01,4.142687916755676270e-01,4.764976203441619873e-01,4.552659988403320312e-01,5.898621678352355957e-01,6.454146504402160645e-01,7.694398164749145508e-01,7.532961368560791016e-01,7.523722648620605469e-01,1.018962264060974121e+00,8.860145211219787598e-01,9.001711606979370117e-01,8.490567207336425781e-01,7.734616398811340332e-01,7.475461959838867188e-01,1.475043058395385742e+00,1.521997809410095215e+00,1.274474859237670898e+00,1.244853258132934570e+00,1.093333721160888672e+00,1.135799646377563477e+00,9.954849481582641602e-01,1.115131855010986328e+00,1.236182689666748047e+00,9.377622008323669434e-01,8.295170068740844727e-01,9.153608083724975586e-01,9.112993478775024414e-01,9.576475024223327637e-01,1.202139735221862793e+00,1.236718773841857910e+00,1.221328377723693848e+00,1.512010335922241211e+00,1.777832031250000000e+00,1.758265733718872070e+00,1.984809398651123047e+00,2.265527963638305664e+00
1.232882022857666016e+00,1.105765581130981445e+00,1.134000778198242188e+00,1.072023272514343262e+00,1.042367458343505859e+00,9.937631487846374512e-01,9.205288290977478027e-01,9.276900291442871094e-01,8.848912715911865234e-01,8.683841824531555176e-01,9.198282361030578613e-01,8.703601956367492676e-01,7.124811410903930664e-01,6.531174182891845703e-01,6.792255043983459473e-01,6.911220550537109375e-01,6.723478436470031738e-01,5.856797099113464355e-01,5.689837336540222168e-01,5.587094426155090332e-01,6.217712759971618652e-01,6.703677773475646973e-01,4.064840376377105713e-01,4.076809883117675781e-01,4.121425151824951172e-01,4.486691951751708984e-01,5.496184825897216797e-01,6.574214696884155273e-01,7.032195329666137695e-01,6.334323883056640625e-01,7.734718322753906250e-01,1.063448548316955566e+00,9.396342635154724121e-01,8.249233961105346680e-01,7.704105973243713379e-01,7.827080488204956055e-01,1.021364092826843262e+00,1.054929733276367188e+00,9.526938199996948242e-01,8.353000283241271973e-01,9.699347615242004395e-01,8.510431647300720215e-01,7.061710953712463379e-01,6.829561591148376465e-01,7.072647809982299805e-01,6.870513558387756348e-01,5.506304502487182617e-01,8.233903646469116211e-01,9.359661340713500977e-01,9.465437531471252441e-01,1.013848423957824707e+00,1.328419566154479980e+00,1.396446347236633301e+00,1.470948815345764160e+00,1.799904108047485352e+00,1.819132089614868164e+00,1.786733031272888184e+00,1.755363821983337402e+00,2.220835447311401367e+00
1.358023762702941895e+00,1.275067329406738281e+00,1.245015144348144531e+00,1.250460147857666016e+00,1.201537847518920898e+00,1.084872484207153320e+00,9.678862094879150391e-01,1.017888784408569336e+00,1.003084063529968262e+00,9.326563477516174316e-01,1.035910010337829590e+00,9.316039681434631348e-01,8.140152692794799805e-01,7.593538761138916016e-01,7.838448286056518555e-01,7.846597433090209961e-01,8.004105687141418457e-01,6.145258545875549316e-01,5.997449159622192383e-01,6.535715460777282715e-01,6.733044981956481934e-01,7.264890670776367188e-01,4.256239831447601318e-01,4.246931374073028564e-01,4.671404361724853516e-01,5.242001414299011230e-01,5.461769104003906250e-01,6.159553527832031250e-01,6.257969737052917480e-01,6.667504310607910156e-01,6.490536332130432129e-01,1.017249345779418945e+00,8.359794020652770996e-01,9.120687842369079590e-01,1.022555589675903320e+00,1.017395734786987305e+00,1.117012262344360352e+00,1.015689492225646973e+00,9.572125673294067383e-01,9.562330842018127441e-01,1.025096774101257324e+00,9.281862378120422363e-01,8.282449245452880859e-01,8.365772366523742676e-01,7.802641391754150391e-01,6.202517151832580566e-01,5.329653024673461914e-01,8.451925516128540039e-01,9.344707131385803223e-01,1.017169952392578125e+00,1.248830676078796387e+00,1.527403116226196289e+00,1.504489064216613770e+00,1.479052186012268066e+00,1.531183600425720215e+00,1.645019412040710449e+00,1.664215326309204102e+00,1.585506916046142578e+00,1.819912075996398926e+00
1.474452257156372070e+00,1.499131679534912109e+00,1.415536880493164062e+00,1.379032015800476074e+00,1.339938402175903320e+00,1.177197098731994629e+00,9.949697852134704590e-01,1.041945099830627441e+00,9.568980336189270020e-01,9.344356656074523926e-01,9.708297848701477051e-01,8.913494944572448730e-01,8.164948821067810059e-01,7.479755878448486328e-01,7.901061773300170898e-01,8.008666634559631348e-01,8.061777353286743164e-01,6.824370622634887695e-01,6.944148540496826172e-01,6.602149009704589844e-01,6.890438795089721680e-01,7.275547385215759277e-01,4.146847426891326904e-01,4.122930765151977539e-01,4.687322080135345459e-01,4.813723266124725342e-01,5.726693272590637207e-01,5.662283301353454590e-01,6.310779452323913574e-01,8.041463494300842285e-01,7.645429968833923340e-01,1.057416558265686035e+00,9.706899523735046387e-01,1.091796994209289551e+00,1.073609113693237305e+00,1.134052872657775879e+00,1.101472973823547363e+00,1.023008584976196289e+00,9.624190926551818848e-01,9.504212141036987305e-01,9.430814385414123535e-01,8.829452991485595703e-01,8.297333717346191406e-01,7.592385411262512207e-01,6.384853124618530273e-01,5.239090919494628906e-01,4.954356849193572998e-01,8.033231496810913086e-01,9.158701896667480469e-01,1.111432194709777832e+00,1.345350146293640137e+00,1.355159163475036621e+00,1.322287440299987793e+00,1.293105125427246094e+00,1.420432567596435547e+00,1.499649286270141602e+00,1.585563182830810547e+00,1.493821024894714355e+00,1.603634953498840332e+00
1.563000798225402832e+00,1.548431515693664551e+00,1.544161438941955566e+00,1.458181738853454590e+00,1.395097374916076660e+00,1.280828475952148438e+00,1.211724996566772461e+00,1.116795182228088379e+00,9.680389761924743652e-01,9.140723347663879395e-01,8.978326916694641113e-01,8.433839678764343262e-01,7.954554557800292969e-01,7.993334531784057617e-01,8.129464387893676758e-01,7.923891544342041016e-01,7.627651095390319824e-01,6.517254710197448730e-01,6.639513373374938965e-01,6.855413317680358887e-01,6.834584474563598633e-01,7.216172814369201660e-01,3.900263905525207520e-01,4.149798452854156494e-01,4.565908908843994141e-01,4.786896705627441406e-01,5.612559318542480469e-01,7.365796566009521484e-01,5.962580442428588867e-01,8.675436377525329590e-01,9.750648736953735352e-01,1.056296944618225098e+00,7.846235036849975586e-01,8.798080682754516602e-01,8.168476819992065430e-01,9.603227972984313965e-01,9.495075941085815430e-01,9.871397614479064941e-01,9.394028186798095703e-01,9.947476983070373535e-01,9.505242705345153809e-01,9.053000211715698242e-01,8.127726912498474121e-01,7.524151206016540527e-01,6.965346336364746094e-01,5.537136793136596680e-01,4.899536669254302979e-01,8.387256264686584473e-01,1.033939480781555176e+00,1.235485672950744629e+00,1.306084275245666504e+00,1.255772113800048828e+00,1.255509495735168457e+00,1.263170361518859863e+00,1.350172996520996094e+00,1.414004206657409668e+00,1.462371587753295898e+00,1.383082032203674316e+00,1.476748466491699219e+00
1.574179649353027344e+00,1.615926742553710938e+00,1.710230231285095215e+00,1.654531240463256836e+00,1.603240132331848145e+00,1.489523172378540039e+00,1.346150517463684082e+00,1.168807983398437500e+00,1.029225349426269531e+00,9.562022686004638672e-01,9.380494356155395508e-01,8.724604845046997070e-01,8.318428397178649902e-01,8.739389181137084961e-01,9.133973121643066406e-01,9.270992279052734375e-01,8.489983677864074707e-01,6.753369569778442383e-01,6.834822297096252441e-01,7.264675498008728027e-01,7.813330292701721191e-01,7.833101153373718262e-01,4.137845039367675781e-01,4.582305252552032471e-01,4.639030694961547852e-01,5.153958797454833984e-01,6.266104578971862793e-01,9.296431541442871094e-01,6.924237012863159180e-01,7.568213343620300293e-01,1.020179986953735352e+00,1.072678923606872559e+00,7.001542448997497559e-01,8.442763090133666992e-01,8.382346630096435547e-01,7.682332396507263184e-01,7.170145511627197266e-01,8.343845605850219727e-01,9.245299100875854492e-01,9.592756032943725586e-01,8.559721112251281738e-01,8.180893063545227051e-01,7.683573365211486816e-01,5.550840497016906738e-01,5.429452061653137207e-01,4.810172319412231445e-01,5.421698689460754395e-01,8.294537663459777832e-01,1.165429234504699707e+00,1.044913291931152344e+00,1.147761344909667969e+00,1.093958497047424316e+00,1.287847518920898438e+00,1.337819695472717285e+00,1.378618597984313965e+00,1.429040074348449707e+00,1.374839663505554199e+00,1.361704945564270020e+00,1.578486919403076172e+00
1.678253531455993652e+00,1.610273838043212891e+00,1.636836528778076172e+00,1.484500169754028320e+00,1.472367763519287109e+00,1.648812294006347656e+00,1.625382065773010254e+00,1.313665986061096191e+00,1.081191182136535645e+00,9.599581360816955566e-01,1.031190156936645508e+00,1.024222254753112793e+00,1.070238947868347168e+00,1.135389208793640137e+00,1.043320655822753906e+00,1.309419989585876465e+00,1.234360814094543457e+00,8.185690045356750488e-01,8.080980181694030762e-01,7.713106274604797363e-01,8.309167623519897461e-01,8.440870642662048340e-01,6.771080493927001953e-01,8.630788922309875488e-01,7.553848028182983398e-01,9.384325146675109863e-01,8.730034828186035156e-01,8.745188117027282715e-01,1.117543578147888184e+00,9.039561152458190918e-01,1.142461419105529785e+00,1.065746426582336426e+00,9.153503179550170898e-01,8.229144215583801270e-01,7.322280406951904297e-01,7.327530980110168457e-01,6.791269183158874512e-01,8.462452292442321777e-01,9.477211833000183105e-01,8.990563154220581055e-01,9.532323479652404785e-01,8.585974574089050293e-01,6.931167840957641602e-01,5.811222195625305176e-01,5.908150672912597656e-01,6.006585359573364258e-01,5.606955885887145996e-01,1.060147404670715332e+00,9.423700571060180664e-01,1.081045269966125488e+00,1.087172150611877441e+00,1.181324481964111328e+00,1.373016119003295898e+00,1.263045191764831543e+00,1.295939087867736816e+00,1.280913829803466797e+00,1.247308492660522461e+00,1.199362516403198242e+00,1.535477876663208008e+00
1.688893556594848633e+00,1.690799355506896973e+00,1.715183734893798828e+00,1.478893399238586426e+00,1.535521626472473145e+00,1.786271452903747559e+00,1.647966623306274414e+00,1.639079213142395020e+00,1.497228026390075684e+00,1.350302815437316895e+00,1.322440981864929199e+00,9.626564383506774902e-01,1.179223775863647461e+00,1.234852194786071777e+00,1.431735515594482422e+00,1.386584758758544922e+00,1.049663662910461426e+00,9.023486971855163574e-01,8.733919262886047363e-01,8.652696013450622559e-01,8.678457736968994141e-01,8.815435767173767090e-01,8.115085363388061523e-01,1.290640950202941895e+00,8.870172500610351562e-01,1.308490276336669922e+00,1.308888196945190430e+00,1.071555972099304199e+00,1.282818436622619629e+00,1.149194240570068359e+00,1.164523839950561523e+00,9.009633064270019531e-01,7.082870006561279297e-01,7.001026868820190430e-01,8.839622735977172852e-01,9.876906275749206543e-01,9.320657253265380859e-01,9.308559298515319824e-01,1.021232962608337402e+00,9.906378984451293945e-01,1.013110876083374023e+00,7.938371896743774414e-01,7.592632174491882324e-01,7.034743428230285645e-01,7.417677640914916992e-01,6.635670661926269531e-01,7.027553915977478027e-01,1.021159648895263672e+00,9.522848725318908691e-01,1.089325428009033203e+00,1.042807102203369141e+00,1.210212707519531250e+00,1.256015896797180176e+00,1.108023285865783691e+00,1.126786708831787109e+00,1.156600832939147949e+00,1.153241157531738281e+00,1.202400922775268555e+00,1.560061812400817871e+00
1.660471916198730469e+00,1.563311934471130371e+00,1.483936309814453125e+00,1.321977257728576660e+00,1.468035101890563965e+00,1.740010142326354980e+00,1.811106204986572266e+00,1.793687343597412109e+00,1.629733443260192871e+00,1.688589811325073242e+00,1.500314474105834961e+00,1.568299651145935059e+00,1.568419098854064941e+00,1.800407171249389648e+00,1.651271462440490723e+00,1.318946123123168945e+00,1.279538989067077637e+00,1.133860468864440918e+00,1.072306156158447266e+00,1.073395490646362305e+00,1.324872493743896484e+00,1.106915712356567383e+00,9.980970025062561035e-01,1.499506115913391113e+00,1.182019352912902832e+00,1.424498319625854492e+00,1.971616268157958984e+00,1.370847582817077637e+00,1.496659874916076660e+00,1.378766059875488281e+00,1.186329960823059082e+00,8.731189966201782227e-01,8.429348468780517578e-01,1.043745398521423340e+00,1.040503501892089844e+00,1.036531805992126465e+00,9.235830307006835938e-01,9.375391602516174316e-01,9.938479065895080566e-01,1.004608511924743652e+00,8.966504931449890137e-01,8.516722321510314941e-01,7.368276715278625488e-01,7.366954088211059570e-01,6.465882658958435059e-01,5.081940293312072754e-01,6.396936178207397461e-01,9.866464734077453613e-01,1.082789659500122070e+00,1.033886790275573730e+00,1.132544994354248047e+00,1.049567341804504395e+00,1.093436598777770996e+00,1.151983618736267090e+00,1.105284810066223145e+00,1.071039080619812012e+00,1.143634438514709473e+00,1.102981567382812500e+00,1.270444035530090332e+00
1.551442384719848633e+00,1.403768539428710938e+00,1.424488902091979980e+00,1.507684707641601562e+00,1.596160769462585449e+00,1.819836616516113281e+00,1.926526427268981934e+00,2.051060914993286133e+00,1.925993800163269043e+00,2.041267395019531250e+00,1.880041003227233887e+00,2.013909578323364258e+00,1.985766053199768066e+00,2.121989727020263672e+00,1.809353232383728027e+00,1.397753953933715820e+00,1.383126854896545410e+00,1.266366362571716309e+00,1.211138725280761719e+00,1.208091735839843750e+00,1.605969667434692383e+00,1.683663606643676758e+00,1.391252398490905762e+00,1.782433867454528809e+00,1.806543588638305664e+00,2.085065841674804688e+00,2.017858982086181641e+00,1.386451244354248047e+00,1.335281133651733398e+00,1.536213159561157227e+00,1.437807917594909668e+00,1.285773634910583496e+00,1.278653502464294434e+00,1.333211779594421387e+00,1.185841679573059082e+00,1.161675691604614258e+00,1.053855657577514648e+00,9.561660885810852051e-01,8.981385231018066406e-01,9.097977876663208008e-01,7.352429628372192383e-01,6.252961158752441406e-01,5.438967347145080566e-01,5.282354950904846191e-01,5.776944160461425781e-01,7.030176520347595215e-01,6.774543523788452148e-01,1.036762714385986328e+00,1.075204133987426758e+00,1.006123065948486328e+00,1.018374562263488770e+00,9.926934242248535156e-01,1.037088274955749512e+00,1.061802983283996582e+00,1.018774867057800293e+00,1.095106720924377441e+00,1.138290166854858398e+00,1.172956109046936035e+00,1.298628091812133789e+00
1.560602188110351562e+00,1.448517084121704102e+00,1.441098332405090332e+00,1.500665545463562012e+00,1.559798598289489746e+00,1.603251338005065918e+00,1.642477989196777344e+00,2.032044172286987305e+00,2.145167589187622070e+00,2.177521944046020508e+00,2.253705978393554688e+00,2.446757793426513672e+00,2.408647537231445312e+00,2.379773855209350586e+00,2.174498081207275391e+00,1.691100478172302246e+00,1.505576968193054199e+00,1.701148152351379395e+00,1.512966394424438477e+00,1.721526622772216797e+00,1.824149847030639648e+00,1.943386554718017578e+00,1.850961565971374512e+00,1.943129658699035645e+00,2.056233882904052734e+00,2.062056064605712891e+00,1.567725062370300293e+00,8.649708628654479980e-01,8.194048404693603516e-01,1.168827533721923828e+00,1.383303999900817871e+00,1.203691482543945312e+00,1.253557443618774414e+00,1.038353323936462402e+00,9.945062398910522461e-01,1.149331688880920410e+00,1.017725586891174316e+00,8.983052372932434082e-01,8.508166670799255371e-01,8.015740513801574707e-01,6.944560408592224121e-01,6.482582688331604004e-01,5.439575910568237305e-01,6.475049257278442383e-01,7.165377736091613770e-01,6.203933954238891602e-01,5.226876735687255859e-01,9.786652326583862305e-01,1.067908048629760742e+00,1.069856047630310059e+00,1.118817567825317383e+00,1.137098193168640137e+00,1.036276221275329590e+00,1.045484662055969238e+00,1.120705962181091309e+00,1.143326997756958008e+00,1.088425755500793457e+00,1.070449948310852051e+00,1.170208215713500977e+00
