2.709247398376464844e+01,2.655187606811523438e+01,2.668417549133300781e+01,2.594995117187500000e+01,2.502195167541503906e+01,2.506321716308593750e+01,2.271728706359863281e+01,2.128163528442382812e+01,2.237220191955566406e+01,1.977904129028320312e+01,2.116008949279785156e+01,2.072979927062988281e+01,2.058490753173828125e+01,2.334539413452148438e+01,2.514507102966308594e+01,2.758526611328125000e+01,2.607042312622070312e+01,2.437946891784667969e+01,2.340603446960449219e+01,2.200282287597656250e+01,2.164072227478027344e+01,2.214959335327148438e+01,2.008814048767089844e+01,1.948852157592773438e+01,1.831648445129394531e+01,1.632987976074218750e+01,1.461649513244628906e+01,1.445625400543212891e+01,1.488485622406005859e+01,1.480609893798828125e+01,1.478016185760498047e+01,1.478387069702148438e+01,1.616404724121093750e+01,1.810287475585937500e+01,1.884863471984863281e+01,1.979761314392089844e+01,1.962619590759277344e+01,1.946509361267089844e+01,2.118132019042968750e+01,2.114845466613769531e+01,2.051232719421386719e+01,2.077168846130371094e+01,2.144080352783203125e+01,2.088868522644042969e+01,1.666420364379882812e+01,1.428251171112060547e+01,1.268968963623046875e+01,1.264779567718505859e+01,1.144444274902343750e+01,1.077473735809326172e+01,1.002794361114501953e+01,8.291750907897949219e+00,7.992768764495849609e+00,6.915465354919433594e+00,6.197206974029541016e+00,5.688269615173339844e+00,5.760322570800781250e+00,5.419744968414306641e+00,4.430591583251953125e+00
2.587314605712890625e+01,2.752143478393554688e+01,2.743428611755371094e+01,2.687577247619628906e+01,2.578781318664550781e+01,2.478288841247558594e+01,2.566195869445800781e+01,2.224855613708496094e+01,2.138504219055175781e+01,2.146958923339843750e+01,2.107082748413085938e+01,2.053331565856933594e+01,2.122637367248535156e+01,2.368940353393554688e+01,2.500317764282226562e+01,2.763752174377441406e+01,2.591329956054687500e+01,2.402353477478027344e+01,2.320628166198730469e+01,2.321225166320800781e+01,2.273921203613281250e+01,2.409048843383789062e+01,2.002833747863769531e+01,1.914585113525390625e+01,1.791898345947265625e+01,1.744919013977050781e+01,1.526191711425781250e+01,1.529616641998291016e+01,1.546701526641845703e+01,1.510930919647216797e+01,1.516934394836425781e+01,1.423730182647705078e+01,1.477650928497314453e+01,1.549182701110839844e+01,1.821919441223144531e+01,1.835570335388183594e+01,1.976347923278808594e+01,1.888603401184082031e+01,1.972898483276367188e+01,1.927266693115234375e+01,1.868313980102539062e+01,1.880887222290039062e+01,1.902574539184570312e+01,1.882302856445312500e+01,1.675599098205566406e+01,1.432401084899902344e+01,1.326724624633789062e+01,1.203931713104248047e+01,1.136200332641601562e+01,1.082638645172119141e+01,9.439846038818359375e+00,8.174785614013671875e+00,7.956595420837402344e+00,6.873970031738281250e+00,6.152263641357421875e+00,5.578655719757080078e+00,5.324981689453125000e+00,5.215621471405029297e+00,4.524911880493164062e+00
2.855970573425292969e+01,3.056179618835449219e+01,2.871193504333496094e+01,2.762774658203125000e+01,2.648685264587402344e+01,2.578396224975585938e+01,2.409551811218261719e+01,2.108040237426757812e+01,2.102406501770019531e+01,2.061696434020996094e+01,2.006393814086914062e+01,2.033941459655761719e+01,2.122390747070312500e+01,2.231465530395507812e+01,2.397391319274902344e+01,2.483370780944824219e+01,2.575661277770996094e+01,2.535913658142089844e+01,2.495718574523925781e+01,2.627653884887695312e+01,2.236481094360351562e+01,2.300615310668945312e+01,1.988890838623046875e+01,1.844064140319824219e+01,1.718376541137695312e+01,1.702014923095703125e+01,1.551384925842285156e+01,1.575566387176513672e+01,1.556968879699707031e+01,1.493815040588378906e+01,1.427179527282714844e+01,1.468572807312011719e+01,1.454579067230224609e+01,1.540356731414794922e+01,1.643455314636230469e+01,1.677844238281250000e+01,1.796587944030761719e+01,1.801893615722656250e+01,1.809000968933105469e+01,1.905949974060058594e+01,1.942064094543457031e+01,1.736416816711425781e+01,1.641545486450195312e+01,1.639748764038085938e+01,1.607953262329101562e+01,1.467135620117187500e+01,1.258694839477539062e+01,1.208935546875000000e+01,1.076195526123046875e+01,1.081923961639404297e+01,9.610992431640625000e+00,8.194185256958007812e+00,7.973606109619140625e+00,6.777377128601074219e+00,6.026202201843261719e+00,5.499877452850341797e+00,5.827742576599121094e+00,5.735702037811279297e+00,4.565911293029785156e+00
3.086550521850585938e+01,3.109344100952148438e+01,2.874232673645019531e+01,2.659329223632812500e+01,2.574286079406738281e+01,2.503361892700195312e+01,2.253476524353027344e+01,2.107689094543457031e+01,2.120979881286621094e+01,2.043324279785156250e+01,2.085182189941406250e+01,2.035761642456054688e+01,2.059942245483398438e+01,2.139654922485351562e+01,2.399982261657714844e+01,2.418836784362792969e+01,2.596329498291015625e+01,2.566117286682128906e+01,2.757291984558105469e+01,2.651093673706054688e+01,2.374865341186523438e+01,2.160808372497558594e+01,2.112759399414062500e+01,2.097205543518066406e+01,1.787138748168945312e+01,1.829767990112304688e+01,1.700643920898437500e+01,1.509158897399902344e+01,1.587608718872070312e+01,1.478897857666015625e+01,1.399211692810058594e+01,1.427563190460205078e+01,1.507277584075927734e+01,1.476999759674072266e+01,1.756991195678710938e+01,1.818162155151367188e+01,1.825009346008300781e+01,1.831595039367675781e+01,1.797400474548339844e+01,1.793833541870117188e+01,1.696477317810058594e+01,1.646579170227050781e+01,1.539690303802490234e+01,1.530481338500976562e+01,1.548438358306884766e+01,1.436670970916748047e+01,1.279408740997314453e+01,1.212154483795166016e+01,1.020920372009277344e+01,9.647315025329589844e+00,8.636673927307128906e+00,7.506853580474853516e+00,7.542600154876708984e+00,6.738560676574707031e+00,5.908106803894042969e+00,5.328916072845458984e+00,5.680800437927246094e+00,5.320546627044677734e+00,4.266148567199707031e+00
3.285879135131835938e+01,3.208454132080078125e+01,3.095248603820800781e+01,2.808734893798828125e+01,2.621539497375488281e+01,2.477691459655761719e+01,2.360197830200195312e+01,2.112517547607421875e+01,2.250938987731933594e+01,2.281285285949707031e+01,2.368463897705078125e+01,2.319972991943359375e+01,2.262606430053710938e+01,2.151539993286132812e+01,2.465126609802246094e+01,2.846618461608886719e+01,2.833762359619140625e+01,2.766720008850097656e+01,2.667374801635742188e+01,2.568209266662597656e+01,2.391525459289550781e+01,2.434147262573242188e+01,2.110225868225097656e+01,2.181822586059570312e+01,2.139303970336914062e+01,2.102221488952636719e+01,1.843762588500976562e+01,1.534487438201904297e+01,1.523085308074951172e+01,1.640141868591308594e+01,1.550417804718017578e+01,1.440077590942382812e+01,1.548045825958251953e+01,1.609033966064453125e+01,1.620155525207519531e+01,1.683004379272460938e+01,1.680645751953125000e+01,1.731794929504394531e+01,1.922561645507812500e+01,1.764101219177246094e+01,1.855279541015625000e+01,1.641258239746093750e+01,1.596943473815917969e+01,1.553354358673095703e+01,1.596632957458496094e+01,1.546088981628417969e+01,1.294866657257080078e+01,1.247110080718994141e+01,1.096359729766845703e+01,1.009274673461914062e+01,8.826064109802246094e+00,8.140501976013183594e+00,8.182605743408203125e+00,7.170295715332031250e+00,6.078220367431640625e+00,5.414139270782470703e+00,5.489682674407958984e+00,5.740701675415039062e+00,4.361563682556152344e+00
3.788502883911132812e+01,3.695036315917968750e+01,3.486695480346679688e+01,3.380467224121093750e+01,3.324765396118164062e+01,3.211354827880859375e+01,2.913931846618652344e+01,2.983696556091308594e+01,2.767319679260253906e+01,2.735572052001953125e+01,2.543770599365234375e+01,2.390645217895507812e+01,2.527781867980957031e+01,2.461169242858886719e+01,2.645484161376953125e+01,2.903950881958007812e+01,2.828069686889648438e+01,2.598363304138183594e+01,2.520487594604492188e+01,2.397829437255859375e+01,2.361122322082519531e+01,2.472276878356933594e+01,2.141134643554687500e+01,2.269365501403808594e+01,2.237986183166503906e+01,2.169548225402832031e+01,1.852433395385742188e+01,1.647057151794433594e+01,1.723569869995117188e+01,1.695396995544433594e+01,1.617095947265625000e+01,1.613874435424804688e+01,1.541954803466796875e+01,1.623314094543457031e+01,1.616663169860839844e+01,1.564211940765380859e+01,1.679871177673339844e+01,1.597396564483642578e+01,1.693055915832519531e+01,1.652679443359375000e+01,1.622232246398925781e+01,1.585408782958984375e+01,1.640224647521972656e+01,1.762528228759765625e+01,1.661197090148925781e+01,1.558452415466308594e+01,1.430311298370361328e+01,1.355448818206787109e+01,1.161057472229003906e+01,1.105669403076171875e+01,9.375188827514648438e+00,8.393434524536132812e+00,8.452325820922851562e+00,7.335880279541015625e+00,6.142353534698486328e+00,5.558950424194335938e+00,5.670698642730712891e+00,5.952251911163330078e+00,4.486627101898193359e+00
3.986341094970703125e+01,3.907804107666015625e+01,3.710115814208984375e+01,4.003448867797851562e+01,3.758156967163085938e+01,3.544244003295898438e+01,3.290314865112304688e+01,3.140690994262695312e+01,3.031761169433593750e+01,3.071427917480468750e+01,2.679469871520996094e+01,2.718637084960937500e+01,2.685434722900390625e+01,2.602032089233398438e+01,2.644786834716796875e+01,2.770821952819824219e+01,2.809500503540039062e+01,2.571347427368164062e+01,2.570250511169433594e+01,2.479994773864746094e+01,2.296579933166503906e+01,2.416128158569335938e+01,2.147843170166015625e+01,2.274106025695800781e+01,2.236933326721191406e+01,2.140854644775390625e+01,1.956354713439941406e+01,1.875623130798339844e+01,1.835516357421875000e+01,1.717176818847656250e+01,1.546274280548095703e+01,1.604662322998046875e+01,1.610846710205078125e+01,1.561889553070068359e+01,1.588096809387207031e+01,1.708677482604980469e+01,1.689283370971679688e+01,1.684129714965820312e+01,1.555344295501708984e+01,1.509209728240966797e+01,1.530041599273681641e+01,1.519025039672851562e+01,1.519116497039794922e+01,1.628536033630371094e+01,1.592642879486083984e+01,1.414458847045898438e+01,1.314592170715332031e+01,1.309636306762695312e+01,1.210373115539550781e+01,1.193964004516601562e+01,1.005822277069091797e+01,8.547104835510253906e+00,8.319080352783203125e+00,7.488449573516845703e+00,6.405776977539062500e+00,5.607572078704833984e+00,5.403631210327148438e+00,5.758632183074951172e+00,4.693250656127929688e+00
4.190427398681640625e+01,3.981238937377929688e+01,4.007599639892578125e+01,3.769183349609375000e+01,3.726034545898437500e+01,3.053284835815429688e+01,3.120897865295410156e+01,3.100940513610839844e+01,3.096145248413085938e+01,3.103149223327636719e+01,2.839694023132324219e+01,2.855702018737792969e+01,2.598844718933105469e+01,2.706441879272460938e+01,2.864509773254394531e+01,2.859703063964843750e+01,2.909264373779296875e+01,2.496933364868164062e+01,2.430420494079589844e+01,2.455037307739257812e+01,2.485813522338867188e+01,2.371985816955566406e+01,2.195130157470703125e+01,2.280251884460449219e+01,2.378117179870605469e+01,2.283981704711914062e+01,2.287895965576171875e+01,2.089593696594238281e+01,1.872645568847656250e+01,1.769481086730957031e+01,1.736000442504882812e+01,1.892897796630859375e+01,1.928339576721191406e+01,1.725644683837890625e+01,1.706247901916503906e+01,1.657013702392578125e+01,1.624379348754882812e+01,1.530319213867187500e+01,1.543237113952636719e+01,1.513229274749755859e+01,1.515041446685791016e+01,1.503147411346435547e+01,1.515990257263183594e+01,1.531762790679931641e+01,1.369965267181396484e+01,1.324852180480957031e+01,1.186782836914062500e+01,1.186624050140380859e+01,1.159661769866943359e+01,1.175805091857910156e+01,1.038464450836181641e+01,8.995740890502929688e+00,9.006816864013671875e+00,7.882839202880859375e+00,6.702208518981933594e+00,5.816621780395507812e+00,5.484262943267822266e+00,5.634592533111572266e+00,5.007929325103759766e+00
3.928003311157226562e+01,3.935506057739257812e+01,3.875862503051757812e+01,3.657418060302734375e+01,3.359436035156250000e+01,3.126132965087890625e+01,2.992272949218750000e+01,2.941509437561035156e+01,2.851109504699707031e+01,2.779199409484863281e+01,2.604187011718750000e+01,2.637189865112304688e+01,2.628106307983398438e+01,3.013122367858886719e+01,2.622971916198730469e+01,2.701656913757324219e+01,2.723980140686035156e+01,2.696157836914062500e+01,2.390060043334960938e+01,2.434700012207031250e+01,2.377162361145019531e+01,2.676128387451171875e+01,2.454745864868164062e+01,2.350021362304687500e+01,2.240752601623535156e+01,2.290607643127441406e+01,2.201230621337890625e+01,2.143999862670898438e+01,2.034626197814941406e+01,2.021062088012695312e+01,2.046190071105957031e+01,2.021753501892089844e+01,2.110048675537109375e+01,1.900403976440429688e+01,1.695217323303222656e+01,1.616647529602050781e+01,1.700118827819824219e+01,1.629477119445800781e+01,1.553155326843261719e+01,1.551286220550537109e+01,1.509281444549560547e+01,1.426751518249511719e+01,1.409930610656738281e+01,1.349675083160400391e+01,1.323772621154785156e+01,1.179480743408203125e+01,1.064092350006103516e+01,1.052352333068847656e+01,1.057023429870605469e+01,1.123059940338134766e+01,1.058866119384765625e+01,9.512278556823730469e+00,9.376616477966308594e+00,8.040847778320312500e+00,6.631140232086181641e+00,6.004331588745117188e+00,5.732208728790283203e+00,5.844426155090332031e+00,4.893648624420166016e+00
3.603338241577148438e+01,3.570751953125000000e+01,3.642482376098632812e+01,3.422827529907226562e+01,3.172179985046386719e+01,3.010119438171386719e+01,3.023857879638671875e+01,2.865745735168457031e+01,2.714382743835449219e+01,2.623428726196289062e+01,2.717094993591308594e+01,2.707514953613281250e+01,2.654792976379394531e+01,2.619334983825683594e+01,2.714329528808593750e+01,2.733257102966308594e+01,2.637338829040527344e+01,2.763625717163085938e+01,2.733074378967285156e+01,2.823953056335449219e+01,2.988654708862304688e+01,3.073958396911621094e+01,2.864171409606933594e+01,2.724083137512207031e+01,2.754137992858886719e+01,2.739558410644531250e+01,2.675120353698730469e+01,2.486543464660644531e+01,2.214061355590820312e+01,2.134209632873535156e+01,2.217016983032226562e+01,2.090571403503417969e+01,2.022913742065429688e+01,1.941785240173339844e+01,1.772866630554199219e+01,1.696965789794921875e+01,1.760917091369628906e+01,1.760730743408203125e+01,1.527471256256103516e+01,1.463706398010253906e+01,1.448512077331542969e+01,1.361522579193115234e+01,1.333157634735107422e+01,1.273849105834960938e+01,1.155670547485351562e+01,1.220010662078857422e+01,1.270136451721191406e+01,1.355211830139160156e+01,1.347817039489746094e+01,1.185940647125244141e+01,1.007322311401367188e+01,9.366874694824218750e+00,8.785011291503906250e+00,8.027179718017578125e+00,7.254337787628173828e+00,6.142465591430664062e+00,5.613892555236816406e+00,5.696080207824707031e+00,5.093230247497558594e+00
2.952897071838378906e+01,2.853760910034179688e+01,2.909124183654785156e+01,2.559103584289550781e+01,2.610968017578125000e+01,2.443759727478027344e+01,2.465216636657714844e+01,2.402789688110351562e+01,2.693813514709472656e+01,2.667573547363281250e+01,2.688968276977539062e+01,2.539157104492187500e+01,2.629612922668457031e+01,2.728108406066894531e+01,2.928110122680664062e+01,3.038628005981445312e+01,3.175578880310058594e+01,2.951849746704101562e+01,3.060967636108398438e+01,3.037410736083984375e+01,3.273448944091796875e+01,3.669171142578125000e+01,3.413290405273437500e+01,3.185458183288574219e+01,2.918067741394042969e+01,2.836007118225097656e+01,2.651513099670410156e+01,2.338739395141601562e+01,2.214615821838378906e+01,2.189929771423339844e+01,2.026355171203613281e+01,2.201205825805664062e+01,1.967733764648437500e+01,1.982550430297851562e+01,1.871442604064941406e+01,1.729241943359375000e+01,1.749383163452148438e+01,1.708352279663085938e+01,1.521885108947753906e+01,1.461391067504882812e+01,1.401457405090332031e+01,1.362270927429199219e+01,1.374906158447265625e+01,1.411146163940429688e+01,1.225809669494628906e+01,1.347982692718505859e+01,1.350103855133056641e+01,1.410082530975341797e+01,1.372609710693359375e+01,1.344735717773437500e+01,1.032477283477783203e+01,8.837708473205566406e+00,8.052722930908203125e+00,7.471800327301025391e+00,7.174451351165771484e+00,6.207388877868652344e+00,5.658905506134033203e+00,5.862065315246582031e+00,5.173148632049560547e+00
3.196014595031738281e+01,3.196186637878417969e+01,2.988625717163085938e+01,2.924684715270996094e+01,2.684907722473144531e+01,2.410433578491210938e+01,2.566052436828613281e+01,2.693796539306640625e+01,2.865010643005371094e+01,2.616002655029296875e+01,2.823774337768554688e+01,2.777454948425292969e+01,2.887588691711425781e+01,3.045873451232910156e+01,3.246721649169921875e+01,3.194919967651367188e+01,3.360978698730468750e+01,3.396913528442382812e+01,3.393009567260742188e+01,3.290101623535156250e+01,3.450875473022460938e+01,3.668360900878906250e+01,3.520950317382812500e+01,3.446408081054687500e+01,3.080551528930664062e+01,2.823054504394531250e+01,2.788618087768554688e+01,2.567884063720703125e+01,2.351141548156738281e+01,2.281013298034667969e+01,2.117817306518554688e+01,2.000061798095703125e+01,1.876131820678710938e+01,2.057814598083496094e+01,2.131875991821289062e+01,1.960605239868164062e+01,1.924623298645019531e+01,1.729721832275390625e+01,1.512891101837158203e+01,1.456932163238525391e+01,1.418998050689697266e+01,1.436823368072509766e+01,1.614384460449218750e+01,1.574580001831054688e+01,1.466407775878906250e+01,1.481098556518554688e+01,1.427126312255859375e+01,1.433597660064697266e+01,1.418760108947753906e+01,1.411647605895996094e+01,1.306545925140380859e+01,9.547410011291503906e+00,8.376902580261230469e+00,7.711934566497802734e+00,9.013879776000976562e+00,8.052668571472167969e+00,7.082702636718750000e+00,7.160054206848144531e+00,5.386958122253417969e+00
3.033104324340820312e+01,2.909921073913574219e+01,3.051942825317382812e+01,3.079417991638183594e+01,2.797337532043457031e+01,2.691307640075683594e+01,2.820962715148925781e+01,2.887298202514648438e+01,2.985938072204589844e+01,2.965254974365234375e+01,2.999330520629882812e+01,3.046181869506835938e+01,3.022904205322265625e+01,3.298996353149414062e+01,3.352439117431640625e+01,3.398729324340820312e+01,3.490225219726562500e+01,3.498333358764648438e+01,3.389093399047851562e+01,3.490198135375976562e+01,3.566981887817382812e+01,3.595857238769531250e+01,3.375951385498046875e+01,3.327854156494140625e+01,3.224081420898437500e+01,2.917029762268066406e+01,2.799903488159179688e+01,2.411075210571289062e+01,2.308657836914062500e+01,2.143712234497070312e+01,2.141604423522949219e+01,2.073298835754394531e+01,1.986414718627929688e+01,1.884975624084472656e+01,1.939127731323242188e+01,1.777475357055664062e+01,1.893988037109375000e+01,1.656741142272949219e+01,1.569959354400634766e+01,1.487643909454345703e+01,1.477927112579345703e+01,1.598739242553710938e+01,1.666866302490234375e+01,1.600734329223632812e+01,1.497310733795166016e+01,1.505184459686279297e+01,1.458317565917968750e+01,1.467587852478027344e+01,1.438847351074218750e+01,1.426830196380615234e+01,1.390082645416259766e+01,1.154670047760009766e+01,1.036969947814941406e+01,9.527136802673339844e+00,8.533847808837890625e+00,7.756544589996337891e+00,7.185015201568603516e+00,7.178174018859863281e+00,5.616584777832031250e+00
3.019625663757324219e+01,2.844877815246582031e+01,2.761740875244140625e+01,2.883256340026855469e+01,2.876445579528808594e+01,2.793102645874023438e+01,3.033584213256835938e+01,3.062236022949218750e+01,3.297872161865234375e+01,3.401367950439453125e+01,3.344617080688476562e+01,3.196441841125488281e+01,3.586037063598632812e+01,3.530680465698242188e+01,3.408473205566406250e+01,3.286253738403320312e+01,3.431678390502929688e+01,3.464597320556640625e+01,3.465524673461914062e+01,3.389116668701171875e+01,3.220973968505859375e+01,3.285000610351562500e+01,3.184095191955566406e+01,3.174083137512207031e+01,3.096246337890625000e+01,2.997582054138183594e+01,2.916890144348144531e+01,2.346538925170898438e+01,2.097265434265136719e+01,2.056258010864257812e+01,2.068397140502929688e+01,1.933348274230957031e+01,1.914498901367187500e+01,1.951907348632812500e+01,1.747586822509765625e+01,1.810235404968261719e+01,1.997545051574707031e+01,1.947540283203125000e+01,1.679117965698242188e+01,1.699986648559570312e+01,1.773913955688476562e+01,1.588678169250488281e+01,1.656699180603027344e+01,1.593551158905029297e+01,1.531046009063720703e+01,1.573437500000000000e+01,1.443859577178955078e+01,1.419192123413085938e+01,1.405128860473632812e+01,1.298238277435302734e+01,1.147198200225830078e+01,1.272850227355957031e+01,1.178568077087402344e+01,9.976972579956054688e+00,8.831398963928222656e+00,7.583578586578369141e+00,7.228762626647949219e+00,7.417519569396972656e+00,5.631518840789794922e+00
2.948708915710449219e+01,3.001526832580566406e+01,2.966455459594726562e+01,2.863907051086425781e+01,3.136166381835937500e+01,3.258974456787109375e+01,3.141660881042480469e+01,3.341098022460937500e+01,3.554106903076171875e+01,3.691341781616210938e+01,3.692639541625976562e+01,3.554287338256835938e+01,3.526552963256835938e+01,3.650723266601562500e+01,3.706275177001953125e+01,3.780785751342773438e+01,3.536519241333007812e+01,3.477534484863281250e+01,3.353513717651367188e+01,3.346277618408203125e+01,3.375252532958984375e+01,3.445606613159179688e+01,3.329254531860351562e+01,2.990207481384277344e+01,2.892520141601562500e+01,2.944102478027343750e+01,2.872964286804199219e+01,2.378780746459960938e+01,2.046703147888183594e+01,2.208436203002929688e+01,2.240920066833496094e+01,2.219221687316894531e+01,2.165894317626953125e+01,2.037397575378417969e+01,1.776460266113281250e+01,1.915677261352539062e+01,1.909152984619140625e+01,1.924489784240722656e+01,1.800761604309082031e+01,1.608590507507324219e+01,1.613486289978027344e+01,1.595311641693115234e+01,1.576950836181640625e+01,1.535690116882324219e+01,1.483620643615722656e+01,1.501946353912353516e+01,1.522896766662597656e+01,1.458840274810791016e+01,1.301060771942138672e+01,1.190631580352783203e+01,1.123905849456787109e+01,1.278670406341552734e+01,1.170078659057617188e+01,1.107611751556396484e+01,8.643774986267089844e+00,7.634612083435058594e+00,7.644751071929931641e+00,7.500428676605224609e+00,6.719652652740478516e+00
3.617631149291992188e+01,3.394698715209960938e+01,3.369918823242187500e+01,3.017500877380371094e+01,3.051111221313476562e+01,3.194789505004882812e+01,3.503918838500976562e+01,3.633720779418945312e+01,3.909136581420898438e+01,3.984996032714843750e+01,4.182521057128906250e+01,3.865045928955078125e+01,3.949107742309570312e+01,3.753087234497070312e+01,3.664006423950195312e+01,3.782995223999023438e+01,3.662482833862304688e+01,3.524760055541992188e+01,3.573149490356445312e+01,3.571659851074218750e+01,3.668917846679687500e+01,3.644490432739257812e+01,3.271023178100585938e+01,3.106344032287597656e+01,2.974758911132812500e+01,2.813056182861328125e+01,2.830741119384765625e+01,2.572015762329101562e+01,2.145234870910644531e+01,2.070893287658691406e+01,2.043239402770996094e+01,2.049370384216308594e+01,2.045652580261230469e+01,2.056820106506347656e+01,1.763686180114746094e+01,1.695670509338378906e+01,1.647373580932617188e+01,1.801642799377441406e+01,1.877276992797851562e+01,1.585527706146240234e+01,1.576092720031738281e+01,1.571204090118408203e+01,1.555527877807617188e+01,1.413982105255126953e+01,1.425931453704833984e+01,1.601123428344726562e+01,1.425401401519775391e+01,1.316473293304443359e+01,1.104268646240234375e+01,1.105130767822265625e+01,1.138120174407958984e+01,1.199120235443115234e+01,1.232159614562988281e+01,1.160333538055419922e+01,9.193576812744140625e+00,8.126729965209960938e+00,7.580787658691406250e+00,8.147698402404785156e+00,7.058027744293212891e+00
3.830699539184570312e+01,3.563276290893554688e+01,3.466270065307617188e+01,3.610833740234375000e+01,3.434003448486328125e+01,3.573900222778320312e+01,3.789324951171875000e+01,3.846908569335937500e+01,4.167361450195312500e+01,4.410547256469726562e+01,4.273339462280273438e+01,4.081689453125000000e+01,3.953606033325195312e+01,3.822398757934570312e+01,3.599785232543945312e+01,3.247903442382812500e+01,3.492347717285156250e+01,3.535606384277343750e+01,3.656358718872070312e+01,3.661014938354492188e+01,3.469562911987304688e+01,3.629518127441406250e+01,3.292139053344726562e+01,3.205348968505859375e+01,3.034577369689941406e+01,3.076438140869140625e+01,2.838282585144042969e+01,2.569492912292480469e+01,2.295589828491210938e+01,1.902126121520996094e+01,1.957130622863769531e+01,2.055885505676269531e+01,1.840159416198730469e+01,1.840484809875488281e+01,1.811192131042480469e+01,1.619131088256835938e+01,1.685451889038085938e+01,1.694224739074707031e+01,1.437793064117431641e+01,1.396433830261230469e+01,1.454081535339355469e+01,1.457892417907714844e+01,1.330438137054443359e+01,1.415050601959228516e+01,1.459258365631103516e+01,1.421291637420654297e+01,1.324646472930908203e+01,1.114162158966064453e+01,1.082724475860595703e+01,1.131287956237792969e+01,1.221717834472656250e+01,1.222467994689941406e+01,1.290815734863281250e+01,1.245219516754150391e+01,9.642407417297363281e+00,8.248039245605468750e+00,7.847905635833740234e+00,8.347363471984863281e+00,8.977874755859375000e+00
4.030401229858398438e+01,3.793090438842773438e+01,3.668125915527343750e+01,3.756544494628906250e+01,3.638294601440429688e+01,3.635373306274414062e+01,3.762000274658203125e+01,3.912290954589843750e+01,3.996930313110351562e+01,4.035682296752929688e+01,3.907204818725585938e+01,3.897502899169921875e+01,3.775554275512695312e+01,3.519084548950195312e+01,3.210013580322265625e+01,3.393275451660156250e+01,3.312774658203125000e+01,3.290712738037109375e+01,3.605308914184570312e+01,3.615715408325195312e+01,3.468634414672851562e+01,3.573337936401367188e+01,3.107721900939941406e+01,3.055315589904785156e+01,3.261891174316406250e+01,3.286145782470703125e+01,3.413296890258789062e+01,2.895358467102050781e+01,2.469547653198242188e+01,2.285983276367187500e+01,2.058361434936523438e+01,1.983127403259277344e+01,1.881001472473144531e+01,1.815817642211914062e+01,1.767774581909179688e+01,1.644822311401367188e+01,1.496152019500732422e+01,1.548095226287841797e+01,1.532405471801757812e+01,1.466833114624023438e+01,1.360153865814208984e+01,1.268612480163574219e+01,1.399878978729248047e+01,1.421205615997314453e+01,1.298182964324951172e+01,1.275232887268066406e+01,1.179892349243164062e+01,1.112743377685546875e+01,1.165561008453369141e+01,1.196134662628173828e+01,1.280837345123291016e+01,1.289948081970214844e+01,1.297990036010742188e+01,1.217885398864746094e+01,9.446140289306640625e+00,9.329905509948730469e+00,9.674641609191894531e+00,9.680774688720703125e+00,9.101036071777343750e+00
3.926104736328125000e+01,4.151996612548828125e+01,3.868748474121093750e+01,3.620451354980468750e+01,3.919013214111328125e+01,4.067376327514648438e+01,3.981412506103515625e+01,3.867337799072265625e+01,4.051651000976562500e+01,3.951324081420898438e+01,4.081220245361328125e+01,3.718140029907226562e+01,3.371774673461914062e+01,3.205766296386718750e+01,3.201516342163085938e+01,3.505753326416015625e+01,3.487372207641601562e+01,3.247696304321289062e+01,3.467831802368164062e+01,3.548450469970703125e+01,3.424537277221679688e+01,3.509341049194335938e+01,3.231001281738281250e+01,3.414763641357421875e+01,3.295356369018554688e+01,3.391394042968750000e+01,3.487467193603515625e+01,3.117067146301269531e+01,2.737894439697265625e+01,2.166053390502929688e+01,2.148455238342285156e+01,2.058368301391601562e+01,1.905249595642089844e+01,1.862127685546875000e+01,2.058242225646972656e+01,1.795207214355468750e+01,1.659835243225097656e+01,1.803325462341308594e+01,1.639981079101562500e+01,1.612443351745605469e+01,1.531052303314208984e+01,1.374512863159179688e+01,1.347619247436523438e+01,1.339753723144531250e+01,1.168001270294189453e+01,1.142880439758300781e+01,1.117943572998046875e+01,1.104683303833007812e+01,1.081256389617919922e+01,1.152672195434570312e+01,1.210543441772460938e+01,1.308174228668212891e+01,1.262812137603759766e+01,1.045471191406250000e+01,8.849764823913574219e+00,8.866786956787109375e+00,9.566794395446777344e+00,9.485950469970703125e+00,9.443634986877441406e+00
4.253266906738281250e+01,3.873223495483398438e+01,3.682759857177734375e+01,3.800367736816406250e+01,3.837255477905273438e+01,4.055976867675781250e+01,4.026455307006835938e+01,3.803317642211914062e+01,4.053614425659179688e+01,3.989810180664062500e+01,3.983655548095703125e+01,3.828593826293945312e+01,3.624719238281250000e+01,3.448995590209960938e+01,3.299093246459960938e+01,3.181640243530273438e+01,3.314705276489257812e+01,3.423685073852539062e+01,3.476523590087890625e+01,3.627215957641601562e+01,3.720942687988281250e+01,3.668392181396484375e+01,3.340777587890625000e+01,3.308542251586914062e+01,3.307038116455078125e+01,3.451813125610351562e+01,3.512681579589843750e+01,3.145867538452148438e+01,2.793614196777343750e+01,2.675801467895507812e+01,2.749066925048828125e+01,2.313381004333496094e+01,2.187721824645996094e+01,2.015465545654296875e+01,1.935937500000000000e+01,1.805494117736816406e+01,1.607938957214355469e+01,1.656688880920410156e+01,1.470145702362060547e+01,1.454878616333007812e+01,1.417674922943115234e+01,1.230086421966552734e+01,1.185842704772949219e+01,1.158853340148925781e+01,1.167146778106689453e+01,1.180841922760009766e+01,1.199620437622070312e+01,1.141696071624755859e+01,1.162491416931152344e+01,1.052404785156250000e+01,1.048736381530761719e+01,1.188766860961914062e+01,1.162582015991210938e+01,1.138182163238525391e+01,9.583425521850585938e+00,9.391588211059570312e+00,1.031921768188476562e+01,1.115746784210205078e+01,1.038332557678222656e+01
3.945791625976562500e+01,3.859878158569335938e+01,3.823472213745117188e+01,3.878609848022460938e+01,3.661147689819335938e+01,3.757787704467773438e+01,3.840625762939453125e+01,3.678649520874023438e+01,3.896601486206054688e+01,4.054911422729492188e+01,3.767404937744140625e+01,3.541048431396484375e+01,3.418555450439453125e+01,3.455655288696289062e+01,3.403924560546875000e+01,3.223913192749023438e+01,3.344384765625000000e+01,3.165830421447753906e+01,3.415512847900390625e+01,3.519363403320312500e+01,3.518688583374023438e+01,3.578280258178710938e+01,3.249902725219726562e+01,3.248165512084960938e+01,3.277553939819335938e+01,3.412390518188476562e+01,3.769680404663085938e+01,3.699526596069335938e+01,3.404948043823242188e+01,3.013962936401367188e+01,3.017293548583984375e+01,2.599000740051269531e+01,2.241587257385253906e+01,2.129321861267089844e+01,2.036496353149414062e+01,1.777497863769531250e+01,1.659687423706054688e+01,1.489457225799560547e+01,1.372981834411621094e+01,1.285984611511230469e+01,1.231017303466796875e+01,1.201928138732910156e+01,1.240923118591308594e+01,1.221148681640625000e+01,1.217862606048583984e+01,1.252256774902343750e+01,1.276982593536376953e+01,1.200286102294921875e+01,1.180195140838623047e+01,1.076805496215820312e+01,1.134283828735351562e+01,1.157139205932617188e+01,1.117771434783935547e+01,1.105626678466796875e+01,9.476024627685546875e+00,1.015539836883544922e+01,1.122875499725341797e+01,1.237780570983886719e+01,1.152282428741455078e+01
3.911842727661132812e+01,3.857487487792968750e+01,3.838702392578125000e+01,3.751926803588867188e+01,3.651462173461914062e+01,3.846141433715820312e+01,3.672510910034179688e+01,3.601339721679687500e+01,3.670197296142578125e+01,3.635461807250976562e+01,3.549895477294921875e+01,3.497331619262695312e+01,3.266516494750976562e+01,3.362581634521484375e+01,3.455110549926757812e+01,3.312363815307617188e+01,3.174569129943847656e+01,2.923787689208984375e+01,3.073980712890625000e+01,3.341737365722656250e+01,3.393322753906250000e+01,3.444834136962890625e+01,3.164363670349121094e+01,3.416631698608398438e+01,3.435272216796875000e+01,3.335935592651367188e+01,3.672275161743164062e+01,3.654930114746093750e+01,3.483683395385742188e+01,3.165136337280273438e+01,2.794773674011230469e+01,2.710277366638183594e+01,2.567770957946777344e+01,2.355290794372558594e+01,1.873970603942871094e+01,1.772162628173828125e+01,1.659827041625976562e+01,1.676270866394042969e+01,1.560167312622070312e+01,1.404660511016845703e+01,1.348489665985107422e+01,1.243113040924072266e+01,1.236256790161132812e+01,1.243447113037109375e+01,1.186004447937011719e+01,1.233806991577148438e+01,1.278249359130859375e+01,1.294229221343994141e+01,1.130496215820312500e+01,1.177096176147460938e+01,1.169310379028320312e+01,1.182765579223632812e+01,1.215258884429931641e+01,1.140328311920166016e+01,1.007915973663330078e+01,9.661585807800292969e+00,9.647512435913085938e+00,1.147935771942138672e+01,1.032179260253906250e+01
3.842811203002929688e+01,3.811290359497070312e+01,3.852024841308593750e+01,3.933169174194335938e+01,3.711314010620117188e+01,3.586552810668945312e+01,3.866074752807617188e+01,3.429132461547851562e+01,3.664820861816406250e+01,3.598651504516601562e+01,3.432934188842773438e+01,3.409784317016601562e+01,3.241654205322265625e+01,3.325066375732421875e+01,3.505376434326171875e+01,3.489679336547851562e+01,3.169298553466796875e+01,3.058487701416015625e+01,3.024016761779785156e+01,3.200843429565429688e+01,3.288039016723632812e+01,3.219940567016601562e+01,3.189163017272949219e+01,3.384196472167968750e+01,3.597775268554687500e+01,3.332823562622070312e+01,3.427518463134765625e+01,3.516565322875976562e+01,3.498290634155273438e+01,3.425223541259765625e+01,2.851633834838867188e+01,2.649855232238769531e+01,2.430685234069824219e+01,2.285135078430175781e+01,2.073223304748535156e+01,1.946962356567382812e+01,1.955417442321777344e+01,1.935382843017578125e+01,1.680840301513671875e+01,1.525034427642822266e+01,1.477119827270507812e+01,1.417790985107421875e+01,1.470834922790527344e+01,1.421740531921386719e+01,1.249168586730957031e+01,1.265204143524169922e+01,1.365703201293945312e+01,1.363775825500488281e+01,1.181247615814208984e+01,1.265265274047851562e+01,1.158628940582275391e+01,1.188046360015869141e+01,1.245938873291015625e+01,1.230716800689697266e+01,1.188731861114501953e+01,1.081161499023437500e+01,1.074110126495361328e+01,1.083636569976806641e+01,1.044294548034667969e+01
3.960781478881835938e+01,3.983644485473632812e+01,3.777984619140625000e+01,3.851570129394531250e+01,3.786154556274414062e+01,3.900069808959960938e+01,4.068115615844726562e+01,3.850482940673828125e+01,3.617166137695312500e+01,3.521422958374023438e+01,3.306259536743164062e+01,3.430880737304687500e+01,3.434737777709960938e+01,3.500446701049804688e+01,3.542226791381835938e+01,3.670981979370117188e+01,3.628525161743164062e+01,3.438617706298828125e+01,3.250907897949218750e+01,3.124589347839355469e+01,3.259650802612304688e+01,3.298949432373046875e+01,3.111195945739746094e+01,3.439847564697265625e+01,3.582770919799804688e+01,3.343517303466796875e+01,3.600036621093750000e+01,3.307916259765625000e+01,3.401977157592773438e+01,3.095852279663085938e+01,2.989447975158691406e+01,2.565393447875976562e+01,2.454318237304687500e+01,2.111620140075683594e+01,1.879731750488281250e+01,1.797261810302734375e+01,1.714902496337890625e+01,1.686754989624023438e+01,1.657264328002929688e+01,1.623750686645507812e+01,1.631074905395507812e+01,1.544069957733154297e+01,1.517595958709716797e+01,1.489918708801269531e+01,1.441188907623291016e+01,1.348754787445068359e+01,1.395356082916259766e+01,1.343062973022460938e+01,1.218934535980224609e+01,1.309309387207031250e+01,1.314472675323486328e+01,1.191886425018310547e+01,1.285496997833251953e+01,1.253741931915283203e+01,1.254113006591796875e+01,1.154228687286376953e+01,1.126141548156738281e+01,1.044490051269531250e+01,1.025078487396240234e+01
3.850462722778320312e+01,3.772922134399414062e+01,3.738162612915039062e+01,3.785962295532226562e+01,3.943856430053710938e+01,3.713066864013671875e+01,3.756764984130859375e+01,3.871507644653320312e+01,3.829433441162109375e+01,3.545954513549804688e+01,3.463715744018554688e+01,3.409788131713867188e+01,3.739755249023437500e+01,3.689421844482421875e+01,3.774121475219726562e+01,3.659601593017578125e+01,3.542489624023437500e+01,3.299145507812500000e+01,3.079212760925292969e+01,3.474376296997070312e+01,3.571202087402343750e+01,3.382026672363281250e+01,3.038173866271972656e+01,3.005352020263671875e+01,3.009667015075683594e+01,3.165015220642089844e+01,3.192414474487304688e+01,3.023559188842773438e+01,3.063749122619628906e+01,2.996055603027343750e+01,2.877065849304199219e+01,2.625921821594238281e+01,2.335373115539550781e+01,2.128940391540527344e+01,1.944782638549804688e+01,1.771240997314453125e+01,1.625865745544433594e+01,1.608761787414550781e+01,1.534601879119873047e+01,1.617761993408203125e+01,1.787518501281738281e+01,1.618489456176757812e+01,1.594446754455566406e+01,1.557284355163574219e+01,1.491639900207519531e+01,1.437400627136230469e+01,1.426806449890136719e+01,1.260756778717041016e+01,1.238685703277587891e+01,1.401025676727294922e+01,1.449458312988281250e+01,1.275348472595214844e+01,1.278607845306396484e+01,1.232644939422607422e+01,1.277435493469238281e+01,1.206376838684082031e+01,1.117030334472656250e+01,1.077338600158691406e+01,1.007963180541992188e+01
3.937697601318359375e+01,3.895355224609375000e+01,3.979788970947265625e+01,3.731045150756835938e+01,3.776751708984375000e+01,3.832622528076171875e+01,3.552575302124023438e+01,3.575855255126953125e+01,3.803939819335937500e+01,3.892383575439453125e+01,3.679197692871093750e+01,3.801698684692382812e+01,3.779473495483398438e+01,3.622062301635742188e+01,3.520019149780273438e+01,3.522061538696289062e+01,3.504294204711914062e+01,3.537075805664062500e+01,3.531336593627929688e+01,3.534105300903320312e+01,3.554661178588867188e+01,3.415328979492187500e+01,3.343448257446289062e+01,3.361774826049804688e+01,3.185650062561035156e+01,3.127917480468750000e+01,3.122248458862304688e+01,3.007820320129394531e+01,3.020230293273925781e+01,2.907910537719726562e+01,2.726657485961914062e+01,2.275391578674316406e+01,2.178167343139648438e+01,2.139041519165039062e+01,2.030259513854980469e+01,1.743483924865722656e+01,1.797347259521484375e+01,1.637045669555664062e+01,1.628814125061035156e+01,1.528758335113525391e+01,1.487534332275390625e+01,1.489156532287597656e+01,1.640342712402343750e+01,1.618382453918457031e+01,1.582187843322753906e+01,1.515779209136962891e+01,1.471779346466064453e+01,1.393417739868164062e+01,1.269059371948242188e+01,1.458544445037841797e+01,1.491109085083007812e+01,1.410707950592041016e+01,1.333089923858642578e+01,1.312536430358886719e+01,1.349421024322509766e+01,1.168918132781982422e+01,1.105201435089111328e+01,1.137248611450195312e+01,9.938371658325195312e+00
4.652307891845703125e+01,4.527618408203125000e+01,4.233665466308593750e+01,4.017179489135742188e+01,3.794817733764648438e+01,3.815559005737304688e+01,3.972132492065429688e+01,3.732097244262695312e+01,3.539699935913085938e+01,3.572293472290039062e+01,3.827173614501953125e+01,3.965724563598632812e+01,3.976045227050781250e+01,3.741033554077148438e+01,3.687845993041992188e+01,3.556093978881835938e+01,3.355714035034179688e+01,3.212385177612304688e+01,3.480687713623046875e+01,3.618978500366210938e+01,3.617397689819335938e+01,3.646873855590820312e+01,3.338548278808593750e+01,3.136521911621093750e+01,3.097492408752441406e+01,3.047876930236816406e+01,3.220783233642578125e+01,3.033939933776855469e+01,2.858152961730957031e+01,2.606485748291015625e+01,2.444836997985839844e+01,2.368555831909179688e+01,2.283376312255859375e+01,2.166544914245605469e+01,1.906249237060546875e+01,1.927122306823730469e+01,1.777963447570800781e+01,1.708374214172363281e+01,1.617847061157226562e+01,1.680074882507324219e+01,1.647670555114746094e+01,1.472920894622802734e+01,1.549005031585693359e+01,1.727615737915039062e+01,1.669181442260742188e+01,1.585141849517822266e+01,1.530201625823974609e+01,1.477194404602050781e+01,1.343924236297607422e+01,1.460112190246582031e+01,1.524332046508789062e+01,1.409381484985351562e+01,1.421366882324218750e+01,1.354598903656005859e+01,1.317083549499511719e+01,1.196958732604980469e+01,1.071122264862060547e+01,1.122979545593261719e+01,1.018625068664550781e+01
4.719197463989257812e+01,4.929050827026367188e+01,4.620608139038085938e+01,4.277125167846679688e+01,4.322415161132812500e+01,4.433679580688476562e+01,4.021384811401367188e+01,3.853316879272460938e+01,3.738123703002929688e+01,3.647527694702148438e+01,3.618886184692382812e+01,3.894711685180664062e+01,3.898272323608398438e+01,3.780207824707031250e+01,3.713687133789062500e+01,3.609159851074218750e+01,3.740087127685546875e+01,3.535968017578125000e+01,3.562984466552734375e+01,3.748005676269531250e+01,3.761831283569335938e+01,3.498041534423828125e+01,3.157633781433105469e+01,3.479462051391601562e+01,3.215509033203125000e+01,3.070754814147949219e+01,3.256305313110351562e+01,3.324061203002929688e+01,2.956136131286621094e+01,2.574502944946289062e+01,2.281387901306152344e+01,2.180669593811035156e+01,2.069380187988281250e+01,2.060403251647949219e+01,1.991711425781250000e+01,1.894861984252929688e+01,1.936606597900390625e+01,1.890700531005859375e+01,1.821925354003906250e+01,1.783183479309082031e+01,1.789282608032226562e+01,1.693333816528320312e+01,1.697509574890136719e+01,1.816635894775390625e+01,1.757444000244140625e+01,1.661712074279785156e+01,1.602969360351562500e+01,1.495493698120117188e+01,1.473286724090576172e+01,1.512056636810302734e+01,1.594821262359619141e+01,1.564898300170898438e+01,1.500524616241455078e+01,1.487588310241699219e+01,1.414725875854492188e+01,1.282263660430908203e+01,1.098338317871093750e+01,1.098618412017822266e+01,1.016196727752685547e+01
5.358699035644531250e+01,5.289090728759765625e+01,4.697770309448242188e+01,4.803030014038085938e+01,4.653953552246093750e+01,4.765827560424804688e+01,4.591504287719726562e+01,4.221868133544921875e+01,3.910492324829101562e+01,3.657023620605468750e+01,3.867967224121093750e+01,4.080720138549804688e+01,4.182054901123046875e+01,4.156927871704101562e+01,3.869042968750000000e+01,4.005869674682617188e+01,4.057194519042968750e+01,3.865670776367187500e+01,3.999866485595703125e+01,3.934139633178710938e+01,3.927127456665039062e+01,3.635816574096679688e+01,3.409989166259765625e+01,3.514171218872070312e+01,3.349214172363281250e+01,3.303721237182617188e+01,3.481180953979492188e+01,3.225725555419921875e+01,2.838805198669433594e+01,2.445845031738281250e+01,2.289896202087402344e+01,2.115629577636718750e+01,2.002273941040039062e+01,1.994825172424316406e+01,2.071052360534667969e+01,2.321267890930175781e+01,2.284896850585937500e+01,2.130187034606933594e+01,1.995693969726562500e+01,1.993016242980957031e+01,1.913298034667968750e+01,1.829835319519042969e+01,1.796589088439941406e+01,1.784857559204101562e+01,1.793504142761230469e+01,1.743679428100585938e+01,1.626251411437988281e+01,1.537674140930175781e+01,1.607482528686523438e+01,1.594236183166503906e+01,1.598462963104248047e+01,1.629679298400878906e+01,1.530418491363525391e+01,1.518338871002197266e+01,1.363988590240478516e+01,1.206257820129394531e+01,1.088557720184326172e+01,1.017260551452636719e+01,9.642790794372558594e+00
4.874957275390625000e+01,4.885371780395507812e+01,4.395652008056640625e+01,4.293539428710937500e+01,4.659402847290039062e+01,4.509053802490234375e+01,4.631250381469726562e+01,4.297352218627929688e+01,4.115654373168945312e+01,3.672695541381835938e+01,3.721192550659179688e+01,4.206452560424804688e+01,4.534266662597656250e+01,4.487366104125976562e+01,4.030747222900390625e+01,4.175077438354492188e+01,4.167905807495117188e+01,3.885952758789062500e+01,3.830480194091796875e+01,3.831318283081054688e+01,3.899512863159179688e+01,3.684553527832031250e+01,3.486468124389648438e+01,3.513922500610351562e+01,3.425763320922851562e+01,3.345783615112304688e+01,3.308872604370117188e+01,3.089262771606445312e+01,2.582831573486328125e+01,2.298012733459472656e+01,2.216684532165527344e+01,2.121381378173828125e+01,1.934182357788085938e+01,2.065414047241210938e+01,2.252973365783691406e+01,2.509772300720214844e+01,2.606202316284179688e+01,2.670676422119140625e+01,2.313679885864257812e+01,1.995894432067871094e+01,1.957350730895996094e+01,1.895547103881835938e+01,1.801051139831542969e+01,1.817879104614257812e+01,1.707298469543457031e+01,1.649983406066894531e+01,1.592991161346435547e+01,1.564893913269042969e+01,1.609183311462402344e+01,1.626244354248046875e+01,1.642008781433105469e+01,1.683374977111816406e+01,1.549346637725830078e+01,1.441456317901611328e+01,1.299024963378906250e+01,1.182042026519775391e+01,1.001519966125488281e+01,8.979196548461914062e+00,8.690743446350097656e+00
4.618674087524414062e+01,4.469329071044921875e+01,4.214271926879882812e+01,4.535983276367187500e+01,4.472136688232421875e+01,4.422989273071289062e+01,4.337350463867187500e+01,4.365399932861328125e+01,4.324073028564453125e+01,4.023916244506835938e+01,4.209606933593750000e+01,4.287443923950195312e+01,4.533391571044921875e+01,4.566316223144531250e+01,4.628815841674804688e+01,4.507117462158203125e+01,4.282337570190429688e+01,3.974364852905273438e+01,4.176630401611328125e+01,3.984079360961914062e+01,4.101567840576171875e+01,3.853123855590820312e+01,3.523744201660156250e+01,3.281037902832031250e+01,3.033290290832519531e+01,2.975105476379394531e+01,2.851972198486328125e+01,2.469207954406738281e+01,2.230975723266601562e+01,2.219361495971679688e+01,2.101928901672363281e+01,2.110122299194335938e+01,1.952366638183593750e+01,2.038677978515625000e+01,2.116809272766113281e+01,2.377896118164062500e+01,2.781054496765136719e+01,2.536620903015136719e+01,2.365983390808105469e+01,1.963193511962890625e+01,1.894787597656250000e+01,1.764973068237304688e+01,1.675619888305664062e+01,1.648130416870117188e+01,1.594577312469482422e+01,1.517953109741210938e+01,1.520824432373046875e+01,1.570803356170654297e+01,1.516316890716552734e+01,1.504284000396728516e+01,1.526225185394287109e+01,1.583750057220458984e+01,1.498222351074218750e+01,1.375853157043457031e+01,1.343913364410400391e+01,1.162793636322021484e+01,9.642339706420898438e+00,8.601555824279785156e+00,8.152927398681640625e+00
4.453484725952148438e+01,4.101440429687500000e+01,4.458545684814453125e+01,4.598739242553710938e+01,4.455099487304687500e+01,4.279332351684570312e+01,4.435200119018554688e+01,4.413732528686523438e+01,4.496189498901367188e+01,4.512448120117187500e+01,4.452882003784179688e+01,4.658988189697265625e+01,4.433727645874023438e+01,4.400709152221679688e+01,4.678340530395507812e+01,4.834199905395507812e+01,4.454089736938476562e+01,3.908015823364257812e+01,4.112827301025390625e+01,4.231714630126953125e+01,4.193921279907226562e+01,4.075628280639648438e+01,3.441131973266601562e+01,3.254183197021484375e+01,2.868546867370605469e+01,2.533609580993652344e+01,2.271891212463378906e+01,2.133438873291015625e+01,2.008610153198242188e+01,2.131234741210937500e+01,2.037783622741699219e+01,1.930664634704589844e+01,1.928719139099121094e+01,1.868628501892089844e+01,1.933825302124023438e+01,2.231735992431640625e+01,2.112322425842285156e+01,2.102993392944335938e+01,1.999240684509277344e+01,1.745629692077636719e+01,1.660475540161132812e+01,1.563858604431152344e+01,1.470475673675537109e+01,1.374203109741210938e+01,1.432402610778808594e+01,1.439088821411132812e+01,1.458817100524902344e+01,1.454731559753417969e+01,1.453006076812744141e+01,1.434404468536376953e+01,1.461385536193847656e+01,1.458618068695068359e+01,1.380765819549560547e+01,1.297634792327880859e+01,1.298861980438232422e+01,1.186368656158447266e+01,9.896878242492675781e+00,8.224200248718261719e+00,7.502449035644531250e+00
3.957176208496093750e+01,4.013121032714843750e+01,4.302255630493164062e+01,4.165257644653320312e+01,4.410251998901367188e+01,4.125154876708984375e+01,4.084910202026367188e+01,4.399794006347656250e+01,4.398891830444335938e+01,4.474414062500000000e+01,4.578608703613281250e+01,4.450816726684570312e+01,4.661176300048828125e+01,4.469748306274414062e+01,4.482022094726562500e+01,4.806589889526367188e+01,4.939490127563476562e+01,4.368668365478515625e+01,4.615585708618164062e+01,4.545138931274414062e+01,4.242703247070312500e+01,4.157180023193359375e+01,3.643276977539062500e+01,3.352530670166015625e+01,2.727503204345703125e+01,2.319833183288574219e+01,2.037870025634765625e+01,1.795180320739746094e+01,1.815233230590820312e+01,1.827176284790039062e+01,1.980911064147949219e+01,1.905085182189941406e+01,1.870606803894042969e+01,1.927727317810058594e+01,1.831013107299804688e+01,1.888291358947753906e+01,1.847273635864257812e+01,1.799122238159179688e+01,1.688433265686035156e+01,1.558189773559570312e+01,1.495468235015869141e+01,1.373403167724609375e+01,1.310314655303955078e+01,1.266493892669677734e+01,1.282539367675781250e+01,1.374591064453125000e+01,1.386823177337646484e+01,1.357319545745849609e+01,1.348836326599121094e+01,1.369586563110351562e+01,1.367883872985839844e+01,1.337968826293945312e+01,1.246301651000976562e+01,1.255055618286132812e+01,1.186487388610839844e+01,1.032397747039794922e+01,9.395709991455078125e+00,7.544444561004638672e+00,6.917811870574951172e+00
3.883055877685546875e+01,3.922082138061523438e+01,4.106950378417968750e+01,3.826587677001953125e+01,4.227699661254882812e+01,4.166408920288085938e+01,4.170696640014648438e+01,4.310235214233398438e+01,4.632336807250976562e+01,4.522200012207031250e+01,4.583155441284179688e+01,4.536598968505859375e+01,4.614134597778320312e+01,4.868492507934570312e+01,4.597340011596679688e+01,4.978014373779296875e+01,5.140454864501953125e+01,5.220365524291992188e+01,5.778773117065429688e+01,5.488171768188476562e+01,5.022570419311523438e+01,4.734233093261718750e+01,4.288265609741210938e+01,3.747633743286132812e+01,2.810155105590820312e+01,2.336479187011718750e+01,2.098718261718750000e+01,1.848969459533691406e+01,1.785262680053710938e+01,1.755385589599609375e+01,1.873965263366699219e+01,1.822960662841796875e+01,1.608421516418457031e+01,1.725252914428710938e+01,1.834974479675292969e+01,1.955282402038574219e+01,1.946287345886230469e+01,1.618422698974609375e+01,1.539128494262695312e+01,1.474577522277832031e+01,1.399619960784912109e+01,1.276744461059570312e+01,1.188930320739746094e+01,1.160812473297119141e+01,1.282567024230957031e+01,1.289146995544433594e+01,1.320577907562255859e+01,1.285155487060546875e+01,1.283544254302978516e+01,1.319583225250244141e+01,1.318363571166992188e+01,1.262297630310058594e+01,1.183139038085937500e+01,1.190258312225341797e+01,1.165672492980957031e+01,1.107442665100097656e+01,9.949975013732910156e+00,7.383959770202636719e+00,6.290390014648437500e+00
3.674488067626953125e+01,3.637777709960937500e+01,3.524272537231445312e+01,3.559296035766601562e+01,3.502123641967773438e+01,3.590293884277343750e+01,3.771963500976562500e+01,3.874433135986328125e+01,4.100949478149414062e+01,4.129996490478515625e+01,4.167271804809570312e+01,4.449066543579101562e+01,4.807485961914062500e+01,4.860036468505859375e+01,4.584983444213867188e+01,4.596609878540039062e+01,4.831259155273437500e+01,5.135375976562500000e+01,5.760678863525390625e+01,5.183603286743164062e+01,4.839226531982421875e+01,5.029380798339843750e+01,4.120782852172851562e+01,3.591058731079101562e+01,2.725792694091796875e+01,2.241510200500488281e+01,2.006983757019042969e+01,1.768554115295410156e+01,1.692918968200683594e+01,1.608617019653320312e+01,1.600576019287109375e+01,1.629880523681640625e+01,1.523070621490478516e+01,1.656609916687011719e+01,1.695112037658691406e+01,1.657289314270019531e+01,1.513394832611083984e+01,1.393492889404296875e+01,1.436551475524902344e+01,1.364509201049804688e+01,1.214720439910888672e+01,1.164476013183593750e+01,1.158966541290283203e+01,1.179213619232177734e+01,1.174864482879638672e+01,1.167940998077392578e+01,1.169410228729248047e+01,1.137252998352050781e+01,1.192881774902343750e+01,1.208696556091308594e+01,1.269870090484619141e+01,1.163192844390869141e+01,1.098369693756103516e+01,1.089434623718261719e+01,1.065530490875244141e+01,1.051325607299804688e+01,9.685295104980468750e+00,6.974924564361572266e+00,5.749977111816406250e+00
3.472870254516601562e+01,3.496306610107421875e+01,3.593777465820312500e+01,3.648906707763671875e+01,3.597161102294921875e+01,3.525363159179687500e+01,3.447327041625976562e+01,3.378410339355468750e+01,3.538132858276367188e+01,3.871994018554687500e+01,3.982211303710937500e+01,4.454942321777343750e+01,4.119780349731445312e+01,4.121399307250976562e+01,4.311382293701171875e+01,4.300904083251953125e+01,4.223654937744140625e+01,4.431222152709960938e+01,4.761285781860351562e+01,4.669498062133789062e+01,4.150843048095703125e+01,4.171734619140625000e+01,3.716728591918945312e+01,3.083051681518554688e+01,2.688046264648437500e+01,2.407060050964355469e+01,2.144621276855468750e+01,1.883028793334960938e+01,1.805841445922851562e+01,1.710835075378417969e+01,1.566634178161621094e+01,1.448327732086181641e+01,1.444697666168212891e+01,1.520841503143310547e+01,1.422751808166503906e+01,1.368637657165527344e+01,1.408445453643798828e+01,1.362974166870117188e+01,1.422050857543945312e+01,1.211861324310302734e+01,1.169058990478515625e+01,1.280117225646972656e+01,1.212068080902099609e+01,1.166980648040771484e+01,1.049180984497070312e+01,1.040286064147949219e+01,1.030844497680664062e+01,1.007580089569091797e+01,1.069542884826660156e+01,1.141811561584472656e+01,1.173193550109863281e+01,1.106786155700683594e+01,1.015650463104248047e+01,1.043625831604003906e+01,9.473524093627929688e+00,9.640452384948730469e+00,9.040296554565429688e+00,6.385824203491210938e+00,5.323213100433349609e+00
3.443453979492187500e+01,3.309237289428710938e+01,3.279552459716796875e+01,3.671503067016601562e+01,3.371780776977539062e+01,3.256121444702148438e+01,3.181303405761718750e+01,3.362134170532226562e+01,3.352618789672851562e+01,3.447283172607421875e+01,3.689119338989257812e+01,3.667300796508789062e+01,3.905038833618164062e+01,3.811275100708007812e+01,3.820903015136718750e+01,3.664849853515625000e+01,3.744813919067382812e+01,3.953223800659179688e+01,4.131516265869140625e+01,4.127249145507812500e+01,3.952457809448242188e+01,3.637334060668945312e+01,3.275235366821289062e+01,2.869892692565917969e+01,2.668776702880859375e+01,2.585300636291503906e+01,2.378351783752441406e+01,1.896907043457031250e+01,1.805095291137695312e+01,1.814645385742187500e+01,1.653892707824707031e+01,1.433390712738037109e+01,1.567974853515625000e+01,1.769999313354492188e+01,1.598223781585693359e+01,1.519182395935058594e+01,1.503722572326660156e+01,1.306197261810302734e+01,1.238595199584960938e+01,1.142983341217041016e+01,1.216365432739257812e+01,1.241868686676025391e+01,1.106083488464355469e+01,1.087970829010009766e+01,9.580499649047851562e+00,8.265334129333496094e+00,8.336635589599609375e+00,9.071118354797363281e+00,9.819534301757812500e+00,1.077479076385498047e+01,1.170867252349853516e+01,1.031726169586181641e+01,9.338575363159179688e+00,9.160540580749511719e+00,9.535643577575683594e+00,8.783463478088378906e+00,8.161285400390625000e+00,6.295819282531738281e+00,5.315545558929443359e+00
2.997471237182617188e+01,2.942848777770996094e+01,2.975541877746582031e+01,3.085376739501953125e+01,2.960844993591308594e+01,2.969837760925292969e+01,3.124810600280761719e+01,3.360846328735351562e+01,3.152417755126953125e+01,3.189091491699218750e+01,3.385853195190429688e+01,3.507861709594726562e+01,3.426571273803710938e+01,3.916981124877929688e+01,3.926521682739257812e+01,3.625529479980468750e+01,3.624404144287109375e+01,3.587203216552734375e+01,3.609811782836914062e+01,3.443892669677734375e+01,3.334649276733398438e+01,3.394405364990234375e+01,3.168734741210937500e+01,2.973145866394042969e+01,2.925687789916992188e+01,2.805856513977050781e+01,2.614477729797363281e+01,2.246686553955078125e+01,2.002717399597167969e+01,2.151554489135742188e+01,2.241293907165527344e+01,1.817018127441406250e+01,1.799552154541015625e+01,1.723733901977539062e+01,1.679006004333496094e+01,1.636404037475585938e+01,1.535406875610351562e+01,1.185811996459960938e+01,1.118841838836669922e+01,1.186267948150634766e+01,1.163649749755859375e+01,1.154704666137695312e+01,1.052868175506591797e+01,1.008804035186767578e+01,8.334987640380859375e+00,7.281542301177978516e+00,8.487771987915039062e+00,8.828086853027343750e+00,9.467085838317871094e+00,1.010301303863525391e+01,1.044487857818603516e+01,9.330954551696777344e+00,8.985602378845214844e+00,9.101950645446777344e+00,8.593462944030761719e+00,7.542386054992675781e+00,7.332932949066162109e+00,6.375938415527343750e+00,5.467511177062988281e+00
2.757312774658203125e+01,2.999479103088378906e+01,2.893710517883300781e+01,2.723249244689941406e+01,2.757164192199707031e+01,2.867885589599609375e+01,3.269822692871093750e+01,3.065967559814453125e+01,2.917698287963867188e+01,3.151026916503906250e+01,3.426528549194335938e+01,3.579493713378906250e+01,3.717880249023437500e+01,3.893625259399414062e+01,3.878219223022460938e+01,3.822859954833984375e+01,3.693698501586914062e+01,3.604478073120117188e+01,3.817959594726562500e+01,3.792641067504882812e+01,3.585034942626953125e+01,3.412244796752929688e+01,3.082526397705078125e+01,2.956484413146972656e+01,3.023722839355468750e+01,2.855319213867187500e+01,3.022279739379882812e+01,2.675753784179687500e+01,2.302064132690429688e+01,2.302996826171875000e+01,2.224396324157714844e+01,1.973864746093750000e+01,1.956023979187011719e+01,1.902749824523925781e+01,1.781320190429687500e+01,1.900176620483398438e+01,1.643264007568359375e+01,1.345436954498291016e+01,1.431391620635986328e+01,1.442838478088378906e+01,1.198105716705322266e+01,1.045186901092529297e+01,1.100644969940185547e+01,9.078304290771484375e+00,7.320622920989990234e+00,7.018651008605957031e+00,7.976629257202148438e+00,7.959403038024902344e+00,8.612385749816894531e+00,9.088096618652343750e+00,9.226044654846191406e+00,8.316030502319335938e+00,7.995683193206787109e+00,7.964104652404785156e+00,7.426321983337402344e+00,7.098509311676025391e+00,6.961640834808349609e+00,6.632565498352050781e+00,4.923831939697265625e+00
2.576482391357421875e+01,2.759753608703613281e+01,2.797291564941406250e+01,2.555561447143554688e+01,2.511141204833984375e+01,2.807429695129394531e+01,3.344834136962890625e+01,3.127392578125000000e+01,3.039191818237304688e+01,3.321320343017578125e+01,3.463628387451171875e+01,3.644930648803710938e+01,3.742508316040039062e+01,3.666037750244140625e+01,3.878158950805664062e+01,3.656534194946289062e+01,3.601509475708007812e+01,3.557812118530273438e+01,3.595609283447265625e+01,3.509559249877929688e+01,3.587559890747070312e+01,3.515187072753906250e+01,3.248061370849609375e+01,3.328933334350585938e+01,2.980308723449707031e+01,2.694110679626464844e+01,2.805041122436523438e+01,2.739133071899414062e+01,2.711542129516601562e+01,2.533126831054687500e+01,2.505443382263183594e+01,2.096079063415527344e+01,2.196296119689941406e+01,1.906585884094238281e+01,1.729057884216308594e+01,1.583612537384033203e+01,1.599481773376464844e+01,1.661397171020507812e+01,1.472456932067871094e+01,1.423692703247070312e+01,1.236782550811767578e+01,1.009440231323242188e+01,9.475816726684570312e+00,8.620961189270019531e+00,7.570451259613037109e+00,7.382407188415527344e+00,8.011386871337890625e+00,7.872704982757568359e+00,8.507650375366210938e+00,8.536591529846191406e+00,7.822529315948486328e+00,7.648998737335205078e+00,7.851582050323486328e+00,7.820144176483154297e+00,7.746925354003906250e+00,7.024494171142578125e+00,6.788205623626708984e+00,6.649948596954345703e+00,5.569750308990478516e+00
2.494460868835449219e+01,2.684790992736816406e+01,2.702252960205078125e+01,2.439623451232910156e+01,2.436531639099121094e+01,2.820231246948242188e+01,3.129207992553710938e+01,3.012427902221679688e+01,3.201608657836914062e+01,3.425776672363281250e+01,3.318865966796875000e+01,3.410424804687500000e+01,3.503254699707031250e+01,3.505016708374023438e+01,3.324021911621093750e+01,3.333786010742187500e+01,3.352791595458984375e+01,3.456627655029296875e+01,3.740590286254882812e+01,3.800807952880859375e+01,3.644112777709960938e+01,3.458216476440429688e+01,3.553245544433593750e+01,3.591808319091796875e+01,2.946030426025390625e+01,2.914643287658691406e+01,2.765591049194335938e+01,2.647665596008300781e+01,2.602128982543945312e+01,2.279714393615722656e+01,2.404372024536132812e+01,2.030287361145019531e+01,1.957840728759765625e+01,1.646805381774902344e+01,1.680926322937011719e+01,1.732130432128906250e+01,1.554176425933837891e+01,1.587512874603271484e+01,1.529274272918701172e+01,1.262473106384277344e+01,1.057503986358642578e+01,9.696710586547851562e+00,8.940480232238769531e+00,8.434329032897949219e+00,8.392552375793457031e+00,8.264622688293457031e+00,8.211967468261718750e+00,8.003248214721679688e+00,8.233146667480468750e+00,7.697049617767333984e+00,7.009136199951171875e+00,7.813544750213623047e+00,8.009376525878906250e+00,8.065474510192871094e+00,7.858585834503173828e+00,7.545090675354003906e+00,7.230108737945556641e+00,6.847840785980224609e+00,5.710086822509765625e+00
2.457044410705566406e+01,2.618939971923828125e+01,2.689634323120117188e+01,2.431852722167968750e+01,2.527504920959472656e+01,2.734319686889648438e+01,2.954881095886230469e+01,3.228709793090820312e+01,3.598587417602539062e+01,3.504473876953125000e+01,3.310188674926757812e+01,3.451077270507812500e+01,3.330426406860351562e+01,3.652778244018554688e+01,3.434296798706054688e+01,3.371193313598632812e+01,3.627556610107421875e+01,3.413904571533203125e+01,3.404724884033203125e+01,3.571992111206054688e+01,3.605289840698242188e+01,3.418473434448242188e+01,3.352906036376953125e+01,3.211756896972656250e+01,3.144526100158691406e+01,3.000737762451171875e+01,2.660657501220703125e+01,2.451993370056152344e+01,2.364689445495605469e+01,2.138646125793457031e+01,2.018284225463867188e+01,1.888418769836425781e+01,2.011572837829589844e+01,1.981715393066406250e+01,2.046564292907714844e+01,1.885481834411621094e+01,1.786196708679199219e+01,1.617951202392578125e+01,1.570086002349853516e+01,1.314274787902832031e+01,1.091503906250000000e+01,9.880131721496582031e+00,9.206050872802734375e+00,8.871415138244628906e+00,8.583398818969726562e+00,8.523691177368164062e+00,9.140834808349609375e+00,8.466157913208007812e+00,7.963164806365966797e+00,7.169886112213134766e+00,7.276574134826660156e+00,8.163302421569824219e+00,7.856075763702392578e+00,7.921639919281005859e+00,7.789620399475097656e+00,7.592278957366943359e+00,7.288249015808105469e+00,6.977111339569091797e+00,5.903891086578369141e+00
2.732125091552734375e+01,2.698108482360839844e+01,2.678347778320312500e+01,2.695110130310058594e+01,2.854591941833496094e+01,3.015656089782714844e+01,3.082400131225585938e+01,3.376836776733398438e+01,3.610736465454101562e+01,3.777868270874023438e+01,3.839325332641601562e+01,3.736569976806640625e+01,3.675481414794921875e+01,3.489555358886718750e+01,3.611764526367187500e+01,3.463408660888671875e+01,3.387483596801757812e+01,3.523442077636718750e+01,3.362503814697265625e+01,3.393450546264648438e+01,3.644532394409179688e+01,3.501196670532226562e+01,3.406352615356445312e+01,3.180644607543945312e+01,3.188230705261230469e+01,2.971269035339355469e+01,2.871178436279296875e+01,2.259342384338378906e+01,2.429692077636718750e+01,2.148923301696777344e+01,1.870548057556152344e+01,1.851098823547363281e+01,2.103664207458496094e+01,1.893781661987304688e+01,2.021788406372070312e+01,2.051115036010742188e+01,1.926172065734863281e+01,1.690055274963378906e+01,1.524786376953125000e+01,1.260211181640625000e+01,1.181658840179443359e+01,1.044785594940185547e+01,9.450262069702148438e+00,1.006754112243652344e+01,9.664114952087402344e+00,9.466394424438476562e+00,8.776765823364257812e+00,8.559215545654296875e+00,7.632344245910644531e+00,8.260969161987304688e+00,8.051280021667480469e+00,8.094815254211425781e+00,7.656553745269775391e+00,7.346161842346191406e+00,7.599018096923828125e+00,7.282621383666992188e+00,7.406709194183349609e+00,7.054096698760986328e+00,5.684392452239990234e+00
2.900746154785156250e+01,3.017308425903320312e+01,3.017545700073242188e+01,3.199878883361816406e+01,3.109589767456054688e+01,2.896472930908203125e+01,3.213342285156250000e+01,3.714812088012695312e+01,3.667078018188476562e+01,3.657216644287109375e+01,3.516146469116210938e+01,3.512785339355468750e+01,3.369509506225585938e+01,3.231178283691406250e+01,3.379304504394531250e+01,3.150880622863769531e+01,2.972463226318359375e+01,3.265369033813476562e+01,3.353562164306640625e+01,3.219842910766601562e+01,3.365010452270507812e+01,3.307164001464843750e+01,3.351913833618164062e+01,3.266402053833007812e+01,3.044180870056152344e+01,3.033971595764160156e+01,3.162194633483886719e+01,2.600816154479980469e+01,2.163075256347656250e+01,1.949217414855957031e+01,1.625875282287597656e+01,1.860930824279785156e+01,2.043108558654785156e+01,2.131906700134277344e+01,2.027032470703125000e+01,1.944813156127929688e+01,1.789013481140136719e+01,1.445618629455566406e+01,1.269633960723876953e+01,1.159210300445556641e+01,9.874689102172851562e+00,9.745389938354492188e+00,9.784147262573242188e+00,1.010970115661621094e+01,9.547026634216308594e+00,8.766745567321777344e+00,9.222391128540039062e+00,7.854543209075927734e+00,8.603272438049316406e+00,7.751233100891113281e+00,7.971045017242431641e+00,7.515035152435302734e+00,6.783587455749511719e+00,7.152936458587646484e+00,7.192011356353759766e+00,7.172461509704589844e+00,7.226451396942138672e+00,6.614296436309814453e+00,5.290565013885498047e+00
3.501056289672851562e+01,3.353460311889648438e+01,3.421767044067382812e+01,3.554397964477539062e+01,3.525765228271484375e+01,3.305878067016601562e+01,3.502243041992187500e+01,3.471017074584960938e+01,3.678451538085937500e+01,3.491863632202148438e+01,3.429537200927734375e+01,3.813195800781250000e+01,3.468497848510742188e+01,3.558765029907226562e+01,3.382801437377929688e+01,3.359339904785156250e+01,3.483805465698242188e+01,3.354127883911132812e+01,3.760008621215820312e+01,3.798786926269531250e+01,4.080551147460937500e+01,4.283460998535156250e+01,3.828249359130859375e+01,3.343901062011718750e+01,3.356872940063476562e+01,2.916169548034667969e+01,3.115148925781250000e+01,3.002544975280761719e+01,2.471399497985839844e+01,2.259315299987792969e+01,1.968527221679687500e+01,2.094556999206542969e+01,2.188570785522460938e+01,2.363996505737304688e+01,2.003926086425781250e+01,1.810119438171386719e+01,1.451664447784423828e+01,1.231200790405273438e+01,1.072327995300292969e+01,1.034944438934326172e+01,9.956368446350097656e+00,1.044433212280273438e+01,9.618836402893066406e+00,9.712697029113769531e+00,9.119773864746093750e+00,9.092702865600585938e+00,8.450192451477050781e+00,8.486351966857910156e+00,8.822521209716796875e+00,7.903414726257324219e+00,8.237349510192871094e+00,7.263925552368164062e+00,7.076026439666748047e+00,7.545624732971191406e+00,7.338490009307861328e+00,7.253425121307373047e+00,7.188189983367919922e+00,6.457720279693603516e+00,4.943683624267578125e+00
4.002030563354492188e+01,3.778723526000976562e+01,3.984234619140625000e+01,3.979626846313476562e+01,3.702521133422851562e+01,3.499748611450195312e+01,3.507934570312500000e+01,3.479090118408203125e+01,3.698414230346679688e+01,3.591516494750976562e+01,3.574922561645507812e+01,3.434154510498046875e+01,3.480005645751953125e+01,3.497166061401367188e+01,3.559829711914062500e+01,3.943758010864257812e+01,4.037697601318359375e+01,3.869583892822265625e+01,4.201181411743164062e+01,4.121330261230468750e+01,4.015956115722656250e+01,4.274299621582031250e+01,4.200257873535156250e+01,3.606114578247070312e+01,3.425228881835937500e+01,3.233999252319335938e+01,2.844005012512207031e+01,2.565225791931152344e+01,2.300906372070312500e+01,2.288213920593261719e+01,2.317068481445312500e+01,2.451045227050781250e+01,2.390833854675292969e+01,2.095466613769531250e+01,1.661395263671875000e+01,1.545648670196533203e+01,1.329558658599853516e+01,1.108050632476806641e+01,1.049109745025634766e+01,1.130771827697753906e+01,1.135603809356689453e+01,1.022320175170898438e+01,1.019762897491455078e+01,1.000676727294921875e+01,1.020885086059570312e+01,1.089314937591552734e+01,9.505934715270996094e+00,9.068220138549804688e+00,8.090734481811523438e+00,8.096537590026855469e+00,7.591367721557617188e+00,7.768115520477294922e+00,7.407346725463867188e+00,6.905489444732666016e+00,7.045709609985351562e+00,7.004129409790039062e+00,6.688346862792968750e+00,6.340844154357910156e+00,5.278831005096435547e+00
4.209374237060546875e+01,4.001915740966796875e+01,4.125013351440429688e+01,3.981497573852539062e+01,3.675125122070312500e+01,3.508706283569335938e+01,3.512073898315429688e+01,3.305985641479492188e+01,3.466492462158203125e+01,3.298695755004882812e+01,3.341675949096679688e+01,3.287551879882812500e+01,3.428908538818359375e+01,3.408430862426757812e+01,3.448992919921875000e+01,3.815499496459960938e+01,4.142178726196289062e+01,4.101218414306640625e+01,4.423316574096679688e+01,4.352692413330078125e+01,3.971792221069335938e+01,3.736570739746093750e+01,3.974512481689453125e+01,3.415870666503906250e+01,3.338248062133789062e+01,3.284689712524414062e+01,3.166160583496093750e+01,2.694404029846191406e+01,2.766665649414062500e+01,2.493436813354492188e+01,2.222011375427246094e+01,2.197082328796386719e+01,2.101207542419433594e+01,1.966734123229980469e+01,1.856429672241210938e+01,1.661393547058105469e+01,1.460353088378906250e+01,1.290854835510253906e+01,1.516003894805908203e+01,1.406819438934326172e+01,1.406719875335693359e+01,1.218269062042236328e+01,1.200561428070068359e+01,1.197356224060058594e+01,1.076490497589111328e+01,9.369346618652343750e+00,9.250149726867675781e+00,8.850034713745117188e+00,8.085693359375000000e+00,7.950729846954345703e+00,7.887247562408447266e+00,7.716605663299560547e+00,6.970197677612304688e+00,6.810703277587890625e+00,7.102945327758789062e+00,6.670481204986572266e+00,6.576265335083007812e+00,6.273021697998046875e+00,5.061936378479003906e+00
4.147111892700195312e+01,4.196246719360351562e+01,4.286695861816406250e+01,3.952570343017578125e+01,3.656491851806640625e+01,3.782842636108398438e+01,3.870592117309570312e+01,3.632978439331054688e+01,3.515382385253906250e+01,3.691177749633789062e+01,3.541609191894531250e+01,3.388732910156250000e+01,3.583647918701171875e+01,3.702110290527343750e+01,3.989822387695312500e+01,4.217927932739257812e+01,4.085080337524414062e+01,3.989031982421875000e+01,4.441427230834960938e+01,4.291361236572265625e+01,4.153620910644531250e+01,3.668844223022460938e+01,3.906056213378906250e+01,3.401832962036132812e+01,3.290599441528320312e+01,3.305213546752929688e+01,3.730852508544921875e+01,3.638719558715820312e+01,3.392801666259765625e+01,2.782785034179687500e+01,2.340736961364746094e+01,2.226028251647949219e+01,2.130550193786621094e+01,2.090907096862792969e+01,2.146550750732421875e+01,1.817102432250976562e+01,1.780832290649414062e+01,1.853330802917480469e+01,1.718133735656738281e+01,1.678946685791015625e+01,1.750484085083007812e+01,1.514575672149658203e+01,1.384205532073974609e+01,1.202761650085449219e+01,1.054586410522460938e+01,1.011448192596435547e+01,1.045994853973388672e+01,9.040830612182617188e+00,8.148565292358398438e+00,7.684989929199218750e+00,7.283722877502441406e+00,6.874091148376464844e+00,6.873309135437011719e+00,6.828040599822998047e+00,7.618690013885498047e+00,6.477435111999511719e+00,6.730403423309326172e+00,6.011661052703857422e+00,5.015556335449218750e+00
